0.367470 0.271084 0.210843 0.150602 
0.166667 0.488506 0.166667 0.178161 
0.283133 0.307229 0.210843 0.198795 
0.335227 0.198864 0.312500 0.153409 
0.304598 0.293103 0.224138 0.178161 
0.177885 0.187500 0.514423 0.120192 
0.467033 0.148352 0.203297 0.181319 
0.232673 0.331683 0.301980 0.133663 
0.263441 0.413978 0.166667 0.155914 
0.481982 0.202703 0.202703 0.112613 
0.432773 0.256303 0.197479 0.113445 
0.361386 0.173267 0.311881 0.153465 
0.491453 0.183761 0.192308 0.132479 
0.186869 0.510101 0.166667 0.136364 
0.136364 0.557851 0.128099 0.177686 
0.200935 0.154206 0.481308 0.163551 
0.525210 0.155462 0.214286 0.105042 
0.219828 0.142241 0.530172 0.107759 
0.202703 0.256757 0.418919 0.121622 
0.308696 0.230435 0.343478 0.117391 
0.282407 0.125000 0.467593 0.125000 
0.191964 0.200893 0.468750 0.138393 
0.192308 0.465812 0.217949 0.123932 
0.176724 0.193966 0.512931 0.116379 
0.245098 0.245098 0.245098 0.264706 
0.245098 0.245098 0.245098 0.264706 
0.315126 0.256303 0.289916 0.138655 
0.129167 0.562500 0.162500 0.145833 
0.120833 0.570833 0.154167 0.154167 
0.264706 0.231092 0.373950 0.130252 
0.417355 0.252066 0.219008 0.111570 
0.252137 0.337607 0.277778 0.132479 
0.366379 0.193966 0.314655 0.125000 
0.160870 0.134783 0.517391 0.186957 
0.339695 0.125954 0.438931 0.095420 
0.477444 0.184211 0.236842 0.101504 
0.233607 0.282787 0.307377 0.176230 
0.280488 0.142276 0.418699 0.158537 
0.198630 0.198630 0.349315 0.253425 
0.202381 0.210317 0.472222 0.115079 
0.176230 0.159836 0.528689 0.135246 
0.508547 0.123932 0.200855 0.166667 
0.251825 0.208029 0.448905 0.091241 
0.573077 0.196154 0.119231 0.111538 
0.619231 0.111538 0.126923 0.142308 
0.461240 0.213178 0.220930 0.104651 
0.596154 0.157692 0.103846 0.142308 
0.253788 0.420455 0.200758 0.125000 
0.250000 0.429104 0.182836 0.138060 
0.213768 0.163043 0.503623 0.119565 
0.194079 0.351974 0.351974 0.101974 
0.210714 0.353571 0.339286 0.096429 
0.287402 0.248031 0.350394 0.114173 
0.334646 0.232283 0.326772 0.106299 
0.380435 0.112319 0.380435 0.126812 
0.178832 0.295620 0.368613 0.156934 
0.238971 0.253676 0.408088 0.099265 
0.453488 0.205426 0.205426 0.135659 
0.328947 0.267544 0.214912 0.188596 
0.199275 0.278986 0.394928 0.126812 
0.200787 0.169291 0.515748 0.114173 
0.203333 0.550000 0.150000 0.096667 
0.122378 0.646853 0.143357 0.087413 
0.348000 0.180000 0.292000 0.180000 
0.310714 0.410714 0.146429 0.132143 
0.213768 0.257246 0.315217 0.213768 
0.157718 0.640940 0.090604 0.110738 
0.246324 0.400735 0.246324 0.106618 
0.251773 0.173759 0.478723 0.095745 
0.268707 0.153061 0.459184 0.119048 
0.131410 0.644231 0.125000 0.099359 
0.253676 0.128676 0.525735 0.091912 
0.258621 0.224138 0.368966 0.148276 
0.182119 0.519868 0.122517 0.175497 
0.380795 0.334437 0.129139 0.155629 
0.101852 0.558642 0.237654 0.101852 
0.515038 0.116541 0.161654 0.206767 
0.321192 0.109272 0.480132 0.089404 
0.383212 0.120438 0.332117 0.164234 
0.176667 0.256667 0.463333 0.103333 
0.628289 0.115132 0.154605 0.101974 
0.171569 0.181373 0.200980 0.446078 
0.195364 0.221854 0.466887 0.115894 
0.145522 0.220149 0.518657 0.115672 
0.197581 0.157258 0.479839 0.165323 
0.471774 0.116935 0.189516 0.221774 
0.180851 0.606383 0.117021 0.095745 
0.223404 0.216312 0.421986 0.138298 
0.232919 0.139752 0.524845 0.102484 
0.362069 0.155172 0.375862 0.106897 
0.253472 0.149306 0.489583 0.107639 
0.511976 0.206587 0.176647 0.104790 
0.187861 0.199422 0.511561 0.101156 
0.321192 0.440397 0.135762 0.102649 
0.113793 0.224138 0.493103 0.168966 
0.232026 0.264706 0.401961 0.101307 
0.164336 0.150350 0.569930 0.115385 
0.185811 0.138514 0.564189 0.111486 
0.136364 0.164336 0.590909 0.108392 
0.157051 0.221154 0.509615 0.112179 
0.246875 0.109375 0.565625 0.078125 
0.543333 0.096667 0.156667 0.203333 
0.135838 0.621387 0.158960 0.083815 
0.197842 0.233813 0.384892 0.183453 
0.157343 0.192308 0.513986 0.136364 
0.373529 0.338235 0.202941 0.085294 
0.589655 0.127586 0.148276 0.134483 
0.391975 0.151235 0.324074 0.132716 
0.171875 0.203125 0.546875 0.078125 
0.164516 0.158065 0.590323 0.087097 
0.514368 0.261494 0.123563 0.100575 
0.359589 0.202055 0.236301 0.202055 
0.267241 0.135057 0.525862 0.071839 
0.432886 0.117450 0.359060 0.090604 
0.228155 0.121359 0.257282 0.393204 
0.186111 0.486111 0.247222 0.080556 
0.171687 0.262048 0.478916 0.087349 
0.683432 0.139053 0.097633 0.079882 
0.410494 0.293210 0.194444 0.101852 
0.144295 0.540268 0.151007 0.164430 
0.155629 0.155629 0.579470 0.109272 
0.388199 0.139752 0.381988 0.090062 
0.266082 0.096491 0.564327 0.073099 
0.183871 0.151613 0.500000 0.164516 
0.171512 0.235465 0.508721 0.084302 
0.154891 0.198370 0.573370 0.073370 
0.500000 0.174286 0.237143 0.088571 
0.720859 0.088957 0.113497 0.076687 
0.270950 0.388268 0.270950 0.069832 
0.195783 0.243976 0.442771 0.117470 
0.387195 0.118902 0.393293 0.100610 
0.108187 0.552632 0.236842 0.102339 
0.159639 0.611446 0.117470 0.111446 
0.190058 0.114035 0.605263 0.090643 
0.130814 0.264535 0.520349 0.084302 
0.443333 0.116667 0.336667 0.103333 
0.206395 0.462209 0.247093 0.084302 
0.206250 0.343750 0.268750 0.181250 
0.173529 0.502941 0.244118 0.079412 
0.523392 0.178363 0.172515 0.125731 
0.262346 0.145062 0.503086 0.089506 
0.157051 0.125000 0.599359 0.118590 
0.471875 0.215625 0.146875 0.165625 
0.380000 0.202857 0.282857 0.134286 
0.329016 0.178756 0.422280 0.069948 
0.174033 0.472376 0.256906 0.096685 
0.169271 0.575521 0.184896 0.070312 
0.168639 0.245562 0.464497 0.121302 
0.130542 0.534483 0.253695 0.081281 
0.151235 0.188272 0.564815 0.095679 
0.316901 0.298122 0.326291 0.058685 
0.289474 0.137427 0.464912 0.108187 
0.359043 0.236702 0.332447 0.071809 
0.328652 0.132022 0.441011 0.098315 
0.226776 0.166667 0.510929 0.095628 
0.152174 0.582126 0.200483 0.065217 
0.437173 0.212042 0.253927 0.096859 
0.570122 0.118902 0.137195 0.173780 
0.135057 0.146552 0.623563 0.094828 
0.383598 0.267196 0.219577 0.129630 
0.192529 0.227011 0.433908 0.146552 
0.162234 0.577128 0.162234 0.098404 
0.243671 0.129747 0.465190 0.161392 
0.145604 0.425824 0.354396 0.074176 
0.660112 0.143258 0.115169 0.081461 
0.272973 0.521622 0.121622 0.083784 
0.133508 0.630890 0.133508 0.102094 
0.250000 0.564159 0.126106 0.059735 
0.645604 0.090659 0.129121 0.134615 
0.188525 0.494536 0.215847 0.101093 
0.474719 0.160112 0.233146 0.132022 
0.189840 0.157754 0.537433 0.114973 
0.208995 0.119048 0.600529 0.071429 
0.198225 0.121302 0.559172 0.121302 
0.213514 0.100000 0.597297 0.089189 
0.171196 0.144022 0.529891 0.154891 
0.195906 0.149123 0.523392 0.131579 
0.083756 0.738579 0.114213 0.063452 
0.244382 0.126404 0.553371 0.075843 
0.145833 0.187500 0.204167 0.462500 
0.155814 0.523256 0.234884 0.086047 
0.242347 0.211735 0.471939 0.073980 
0.116477 0.144886 0.656250 0.082386 
0.130332 0.694313 0.082938 0.092417 
0.154040 0.593434 0.159091 0.093434 
0.573232 0.143939 0.214646 0.068182 
0.562176 0.209845 0.126943 0.101036 
0.146409 0.168508 0.593923 0.091160 
0.071429 0.633005 0.229064 0.066502 
0.123116 0.650754 0.158291 0.067839 
0.448370 0.236413 0.209239 0.105978 
0.141089 0.304455 0.482673 0.071782 
0.096535 0.586634 0.230198 0.086634 
0.260976 0.148780 0.524390 0.065854 
0.126866 0.191542 0.614428 0.067164 
0.626289 0.105670 0.172680 0.095361 
0.185864 0.217277 0.520942 0.075916 
0.089041 0.641553 0.171233 0.098174 
0.096698 0.733491 0.101415 0.068396 
0.195055 0.173077 0.486264 0.145604 
0.470149 0.236318 0.141791 0.151741 
0.123188 0.118357 0.635266 0.123188 
0.159898 0.139594 0.535533 0.164975 
0.125641 0.197436 0.597436 0.079487 
0.128505 0.469626 0.338785 0.063084 
0.327586 0.110837 0.470443 0.091133 
0.090244 0.563415 0.241463 0.104878 
0.072052 0.775109 0.089520 0.063319 
0.546875 0.176339 0.194196 0.082589 
0.201493 0.569652 0.151741 0.077114 
0.408824 0.185294 0.273529 0.132353 
0.103365 0.170673 0.646635 0.079327 
0.191038 0.186321 0.554245 0.068396 
0.507812 0.174479 0.236979 0.080729 
0.230942 0.517937 0.186099 0.065022 
0.201389 0.224537 0.516204 0.057870 
0.285340 0.280105 0.264398 0.170157 
0.154412 0.286765 0.497549 0.061275 
0.264103 0.100000 0.571795 0.064103 
0.405612 0.130102 0.380102 0.084184 
0.315657 0.128788 0.431818 0.123737 
0.089372 0.157005 0.688406 0.065217 
0.269634 0.280105 0.280105 0.170157 
0.154018 0.212054 0.484375 0.149554 
0.231707 0.168293 0.475610 0.124390 
0.599548 0.178733 0.156109 0.065611 
0.162234 0.135638 0.587766 0.114362 
0.254762 0.273810 0.383333 0.088095 
0.466184 0.258454 0.176329 0.099034 
0.121005 0.143836 0.655251 0.079909 
0.242788 0.507212 0.108173 0.141827 
0.516043 0.120321 0.205882 0.157754 
0.617521 0.194444 0.113248 0.074786 
0.542553 0.202128 0.197872 0.057447 
0.301471 0.149510 0.463235 0.085784 
0.381081 0.154054 0.272973 0.191892 
0.286070 0.305970 0.296020 0.111940 
0.462441 0.105634 0.269953 0.161972 
0.316176 0.208333 0.321078 0.154412 
0.339286 0.109694 0.426020 0.125000 
0.530568 0.128821 0.268559 0.072052 
0.236957 0.445652 0.115217 0.202174 
0.094758 0.687500 0.131048 0.086694 
0.122685 0.229167 0.520833 0.127315 
0.088942 0.141827 0.637019 0.132212 
0.387324 0.269953 0.284038 0.058685 
0.216837 0.125000 0.573980 0.084184 
0.598558 0.127404 0.117788 0.156250 
0.286184 0.134868 0.101974 0.476974 
0.402273 0.102273 0.415909 0.079545 
0.516667 0.116667 0.259524 0.107143 
0.131336 0.168203 0.573733 0.126728 
0.322816 0.337379 0.138350 0.201456 
0.316667 0.130952 0.454762 0.097619 
0.439904 0.209135 0.271635 0.079327 
0.190821 0.181159 0.528986 0.099034 
0.144295 0.271812 0.090604 0.493289 
0.270455 0.188636 0.456818 0.084091 
0.114224 0.153017 0.674569 0.058190 
0.370293 0.378661 0.186192 0.064854 
0.309829 0.117521 0.489316 0.083333 
0.088942 0.473558 0.305288 0.132212 
0.537281 0.212719 0.129386 0.120614 
0.197872 0.257447 0.385106 0.159574 
0.469626 0.193925 0.207944 0.128505 
0.145652 0.150000 0.619565 0.084783 
0.332558 0.248837 0.332558 0.086047 
0.247727 0.470455 0.170455 0.111364 
0.092672 0.161638 0.683190 0.062500 
0.348131 0.193925 0.380841 0.077103 
0.100467 0.189252 0.651869 0.058411 
0.121560 0.282110 0.479358 0.116972 
0.332386 0.178977 0.201705 0.286932 
0.607798 0.116972 0.190367 0.084862 
0.612385 0.139908 0.158257 0.089450 
0.079457 0.242248 0.614341 0.063953 
0.270335 0.150718 0.461722 0.117225 
0.237557 0.558824 0.115385 0.088235 
0.461039 0.188312 0.261905 0.088745 
0.263274 0.170354 0.422566 0.143805 
0.378571 0.097619 0.345238 0.178571 
0.229958 0.149789 0.554852 0.065401 
0.661137 0.158768 0.087678 0.092417 
0.111842 0.449561 0.366228 0.072368 
0.606977 0.183721 0.141860 0.067442 
0.635714 0.126190 0.111905 0.126190 
0.233333 0.180000 0.486667 0.100000 
0.203057 0.155022 0.561135 0.080786 
0.327751 0.260766 0.174641 0.236842 
0.612288 0.125000 0.201271 0.061441 
0.215556 0.597778 0.122222 0.064444 
0.165158 0.147059 0.608597 0.079186 
0.411157 0.134298 0.394628 0.059917 
0.328326 0.096567 0.457082 0.118026 
0.329694 0.146288 0.447598 0.076419 
0.143902 0.339024 0.421951 0.095122 
0.255906 0.129921 0.192913 0.421260 
0.316667 0.136667 0.103333 0.443333 
0.618000 0.226000 0.086000 0.070000 
0.239407 0.167373 0.527542 0.065678 
0.160417 0.214583 0.552083 0.072917 
0.424171 0.111374 0.357820 0.106635 
0.101415 0.219340 0.606132 0.073113 
0.141921 0.194323 0.569869 0.093886 
0.085227 0.706439 0.157197 0.051136 
0.229258 0.399563 0.255459 0.115721 
0.661364 0.152273 0.093182 0.093182 
0.477528 0.361423 0.080524 0.080524 
0.206827 0.126506 0.600402 0.066265 
0.112832 0.679204 0.108407 0.099558 
0.177632 0.164474 0.589912 0.067982 
0.254425 0.568584 0.108407 0.068584 
0.174330 0.526820 0.231801 0.067050 
0.128692 0.145570 0.651899 0.073840 
0.109195 0.480843 0.335249 0.074713 
0.600457 0.116438 0.139269 0.143836 
0.193023 0.076744 0.634884 0.095349 
0.514831 0.158898 0.273305 0.052966 
0.174020 0.183824 0.526961 0.115196 
0.257962 0.156051 0.124204 0.461783 
0.148536 0.119247 0.604603 0.127615 
0.060219 0.808394 0.078467 0.052920 
0.468326 0.314480 0.160633 0.056561 
0.225207 0.208678 0.460744 0.105372 
0.436047 0.408915 0.071705 0.083333 
0.177083 0.227083 0.522917 0.072917 
0.232422 0.185547 0.517578 0.064453 
0.349802 0.460474 0.073123 0.116601 
0.228111 0.458525 0.200461 0.112903 
0.187500 0.234914 0.493534 0.084052 
0.251073 0.195279 0.461373 0.092275 
0.294466 0.112648 0.531621 0.061265 
0.074275 0.592391 0.269928 0.063406 
0.150763 0.169847 0.627863 0.051527 
0.265690 0.094142 0.546025 0.094142 
0.350202 0.216599 0.293522 0.139676 
0.153061 0.410204 0.369388 0.067347 
0.519763 0.290514 0.124506 0.065217 
0.166031 0.513359 0.211832 0.108779 
0.071691 0.803309 0.064338 0.060662 
0.189130 0.115217 0.602174 0.093478 
0.081349 0.751984 0.097222 0.069444 
0.683267 0.081673 0.133466 0.101594 
0.181641 0.095703 0.669922 0.052734 
0.137387 0.439189 0.277027 0.146396 
0.352564 0.326923 0.215812 0.104701 
0.258140 0.179070 0.374419 0.188372 
0.262590 0.154676 0.104317 0.478417 
0.296218 0.119748 0.472689 0.111345 
0.183190 0.230603 0.441810 0.144397 
0.493080 0.326990 0.133218 0.046713 
0.079505 0.747350 0.104240 0.068905 
0.137218 0.340226 0.464286 0.058271 
0.153704 0.283333 0.501852 0.061111 
0.236842 0.131579 0.520243 0.111336 
0.133212 0.352190 0.461679 0.052920 
0.497917 0.235417 0.156250 0.110417 
0.181641 0.142578 0.615234 0.060547 
0.151822 0.159919 0.621457 0.066802 
0.165663 0.075301 0.274096 0.484940 
0.112705 0.604508 0.194672 0.088115 
0.430804 0.198661 0.279018 0.091518 
0.270548 0.092466 0.113014 0.523973 
0.204023 0.163793 0.083333 0.548851 
0.194643 0.183929 0.558929 0.062500 
0.059295 0.786859 0.084936 0.068910 
0.230909 0.438182 0.281818 0.049091 
0.658103 0.120553 0.108696 0.112648 
0.411877 0.147510 0.323755 0.116858 
0.104452 0.522260 0.327055 0.046233 
0.105769 0.263462 0.563462 0.067308 
0.588561 0.182657 0.182657 0.046125 
0.474206 0.125000 0.279762 0.121032 
0.203629 0.139113 0.574597 0.082661 
0.257962 0.136943 0.105096 0.500000 
0.064576 0.599631 0.260148 0.075646 
0.224074 0.198148 0.498148 0.079630 
0.147163 0.182624 0.597518 0.072695 
0.121160 0.284983 0.547782 0.046075 
0.157407 0.579630 0.205556 0.057407 
0.156126 0.136364 0.590909 0.116601 
0.392989 0.448339 0.090406 0.068266 
0.340909 0.270979 0.330420 0.057692 
0.095668 0.409747 0.449458 0.045126 
0.341102 0.226695 0.366525 0.065678 
0.127240 0.467742 0.317204 0.087814 
0.165428 0.202602 0.548327 0.083643 
0.137868 0.575368 0.233456 0.053309 
0.120939 0.351986 0.474729 0.052347 
0.110063 0.242138 0.110063 0.537736 
0.531046 0.223856 0.194444 0.050654 
0.636842 0.117544 0.124561 0.121053 
0.253650 0.509124 0.082117 0.155109 
0.128968 0.382937 0.347222 0.140873 
0.178058 0.134892 0.577338 0.109712 
0.135088 0.650877 0.166667 0.047368 
0.144231 0.109615 0.675000 0.071154 
0.223214 0.080357 0.104167 0.592262 
0.241445 0.450570 0.192015 0.115970 
0.130000 0.150000 0.622000 0.098000 
0.073864 0.248106 0.604167 0.073864 
0.534672 0.155109 0.140511 0.169708 
0.143258 0.098315 0.182584 0.575843 
0.097786 0.171587 0.654982 0.075646 
0.083643 0.176580 0.674721 0.065056 
0.282334 0.351735 0.294953 0.070978 
0.107422 0.150391 0.681641 0.060547 
0.115530 0.308712 0.486742 0.089015 
0.187747 0.179842 0.563241 0.069170 
0.086441 0.316949 0.554237 0.042373 
0.184588 0.120072 0.636201 0.059140 
0.116197 0.130282 0.306338 0.447183 
0.200337 0.671717 0.079125 0.048822 
0.295977 0.089080 0.083333 0.531609 
0.136194 0.125000 0.647388 0.091418 
0.110075 0.136194 0.662313 0.091418 
0.067723 0.502882 0.373199 0.056196 
0.270909 0.281818 0.350909 0.096364 
0.102606 0.630293 0.206840 0.060261 
0.140553 0.306452 0.112903 0.440092 
0.043403 0.671875 0.241319 0.043403 
0.648773 0.222393 0.072086 0.056748 
0.207447 0.143617 0.593972 0.054965 
0.101648 0.112637 0.277473 0.508242 
0.472628 0.180657 0.228102 0.118613 
0.421311 0.418033 0.100000 0.060656 
0.183019 0.345283 0.311321 0.160377 
0.124549 0.160650 0.601083 0.113718 
0.105948 0.737918 0.105948 0.050186 
0.496390 0.081227 0.341155 0.081227 
0.639655 0.136207 0.074138 0.150000 
0.353704 0.475926 0.090741 0.079630 
0.228618 0.248355 0.465461 0.057566 
0.200397 0.581349 0.156746 0.061508 
0.388476 0.444238 0.087361 0.079926 
0.192884 0.132959 0.548689 0.125468 
0.475779 0.282007 0.185121 0.057093 
0.540698 0.153101 0.137597 0.168605 
0.392123 0.405822 0.121575 0.080479 
0.385305 0.467742 0.073477 0.073477 
0.470859 0.378834 0.081288 0.069018 
0.221854 0.162252 0.195364 0.420530 
0.111742 0.638258 0.119318 0.130682 
0.065836 0.642349 0.211744 0.080071 
0.165574 0.404918 0.381967 0.047541 
0.433884 0.144628 0.177686 0.243802 
0.132588 0.637380 0.123003 0.107029 
0.126415 0.111321 0.662264 0.100000 
0.242475 0.566890 0.085284 0.105351 
0.161585 0.118902 0.283537 0.435976 
0.269444 0.080556 0.108333 0.541667 
0.477113 0.132042 0.304577 0.086268 
0.063380 0.809859 0.066197 0.060563 
0.097173 0.517668 0.287986 0.097173 
0.083904 0.207192 0.642123 0.066781 
0.234317 0.108856 0.522140 0.134686 
0.194611 0.116766 0.116766 0.571856 
0.140306 0.135204 0.150510 0.573980 
0.107143 0.417702 0.389752 0.085404 
0.078333 0.821667 0.058333 0.041667 
0.172945 0.272260 0.484589 0.070205 
0.481908 0.218750 0.241776 0.057566 
0.073668 0.735110 0.111285 0.079937 
0.273490 0.072148 0.595638 0.058725 
0.382943 0.403010 0.155518 0.058528 
0.352843 0.469900 0.132107 0.045151 
0.644161 0.074818 0.089416 0.191606 
0.077532 0.479430 0.365506 0.077532 
0.491667 0.308333 0.081667 0.118333 
0.216981 0.091195 0.210692 0.481132 
0.582117 0.104015 0.231752 0.082117 
0.279264 0.285953 0.366221 0.068562 
0.241935 0.093548 0.119355 0.545161 
0.412037 0.180556 0.282407 0.125000 
0.108333 0.097222 0.236111 0.558333 
0.050000 0.795161 0.075806 0.079032 
0.156915 0.098404 0.220745 0.523936 
0.314545 0.140000 0.416364 0.129091 
0.208207 0.186930 0.509119 0.095745 
0.149457 0.149457 0.149457 0.551630 
0.127119 0.098870 0.240113 0.533898 
0.059932 0.785959 0.070205 0.083904 
0.107895 0.244737 0.081579 0.565789 
0.296392 0.079897 0.079897 0.543814 
0.307910 0.076271 0.138418 0.477401 
0.236395 0.488095 0.134354 0.141156 
0.172697 0.419408 0.356908 0.050987 
0.468954 0.099673 0.351307 0.080065 
0.353211 0.295107 0.218654 0.133028 
0.122857 0.374286 0.117143 0.385714 
0.149485 0.128866 0.627148 0.094502 
0.244253 0.117816 0.123563 0.514368 
0.539308 0.303459 0.099057 0.058176 
0.519097 0.272569 0.098958 0.109375 
0.482919 0.349379 0.119565 0.048137 
0.253994 0.142173 0.554313 0.049521 
0.110932 0.512862 0.336013 0.040193 
0.496721 0.162295 0.293443 0.047541 
0.186486 0.213514 0.083784 0.516216 
0.103147 0.120629 0.680070 0.096154 
0.171053 0.261696 0.495614 0.071637 
0.641869 0.112457 0.108997 0.136678 
0.111280 0.196646 0.647866 0.044207 
0.576797 0.076797 0.243464 0.102941 
0.053226 0.811290 0.059677 0.075806 
0.111607 0.683036 0.168155 0.037202 
0.057566 0.699013 0.199013 0.044408 
0.788012 0.092105 0.080409 0.039474 
0.321429 0.294218 0.232993 0.151361 
0.138081 0.117733 0.684593 0.059593 
0.164360 0.108997 0.610727 0.115917 
0.266304 0.168478 0.472826 0.092391 
0.151741 0.410448 0.151741 0.286070 
0.424290 0.376972 0.093060 0.105678 
0.080475 0.758575 0.127968 0.032982 
0.120748 0.103741 0.695578 0.079932 
0.079487 0.130769 0.264103 0.525641 
0.578671 0.166084 0.141608 0.113636 
0.356908 0.208882 0.284539 0.149671 
0.162379 0.133441 0.625402 0.078778 
0.253623 0.113527 0.108696 0.524155 
0.090659 0.134615 0.304945 0.469780 
0.568536 0.091900 0.278816 0.060748 
0.163366 0.143564 0.632013 0.061056 
0.175000 0.158333 0.601667 0.065000 
0.309231 0.247692 0.349231 0.093846 
0.545918 0.175170 0.202381 0.076531 
0.116901 0.725352 0.114085 0.043662 
0.150000 0.130000 0.336667 0.383333 
0.151099 0.096154 0.228022 0.524725 
0.155814 0.081395 0.165116 0.597674 
0.339465 0.108696 0.453177 0.098662 
0.536392 0.254747 0.083861 0.125000 
0.266990 0.237864 0.386731 0.108414 
0.162824 0.237752 0.554755 0.044669 
0.278333 0.108333 0.545000 0.068333 
0.325826 0.199700 0.406907 0.067568 
0.124233 0.403374 0.384969 0.087423 
0.595833 0.229167 0.101389 0.073611 
0.304878 0.080488 0.114634 0.500000 
0.233990 0.115764 0.091133 0.559113 
0.452681 0.061514 0.345426 0.140379 
0.306647 0.270393 0.309668 0.113293 
0.204319 0.426910 0.290698 0.078073 
0.179070 0.141860 0.100000 0.579070 
0.306402 0.099085 0.486280 0.108232 
0.098706 0.163430 0.655340 0.082524 
0.081019 0.081019 0.293981 0.543981 
0.240426 0.112766 0.065957 0.580851 
0.073353 0.791916 0.097305 0.037425 
0.644092 0.128242 0.139769 0.087896 
0.154688 0.495312 0.279687 0.070312 
0.363208 0.322327 0.193396 0.121069 
0.296348 0.560393 0.088483 0.054775 
0.464939 0.092988 0.364329 0.077744 
0.062682 0.759475 0.115160 0.062682 
0.172360 0.181677 0.576087 0.069876 
0.210769 0.167692 0.558462 0.063077 
0.077197 0.697150 0.174584 0.051069 
0.075153 0.157975 0.670245 0.096626 
0.102761 0.148773 0.654908 0.093558 
0.312130 0.294379 0.335799 0.057692 
0.132558 0.100000 0.220930 0.546512 
0.095308 0.755132 0.104106 0.045455 
0.097826 0.197826 0.128261 0.576087 
0.210396 0.101485 0.165842 0.522277 
0.210177 0.117257 0.108407 0.564159 
0.174923 0.301858 0.388545 0.134675 
0.209596 0.098485 0.123737 0.568182 
0.128788 0.128788 0.214646 0.527778 
0.069820 0.182432 0.236486 0.511261 
0.210396 0.141089 0.155941 0.492574 
0.159314 0.188725 0.115196 0.536765 
0.155983 0.126068 0.164530 0.553419 
0.173611 0.090278 0.159722 0.576389 
0.082432 0.806757 0.068919 0.041892 
0.168129 0.194444 0.507310 0.130117 
0.129261 0.549716 0.251420 0.069602 
0.183642 0.131173 0.587963 0.097222 
0.608883 0.121777 0.196275 0.073066 
0.315549 0.373476 0.230183 0.080793 
0.633858 0.240157 0.077428 0.048556 
0.338663 0.187500 0.399709 0.074128 
0.488782 0.193910 0.142628 0.174679 
0.208155 0.057940 0.182403 0.551502 
0.570336 0.160550 0.185015 0.084098 
0.345938 0.214286 0.354342 0.085434 
0.644737 0.206140 0.080409 0.068713 
0.259901 0.076733 0.111386 0.551980 
0.050685 0.656164 0.250685 0.042466 
0.126113 0.345697 0.464392 0.063798 
0.166667 0.696581 0.086895 0.049858 
0.318421 0.113158 0.123684 0.444737 
0.260526 0.076316 0.128947 0.534211 
0.612462 0.101824 0.177812 0.107903 
0.400312 0.269470 0.210280 0.119938 
0.214052 0.263072 0.374183 0.148693 
0.113354 0.209627 0.613354 0.063665 
0.431646 0.386076 0.135443 0.046835 
0.167143 0.195714 0.524286 0.112857 
0.168981 0.136574 0.099537 0.594907 
0.300872 0.074128 0.510174 0.114826 
0.189583 0.189583 0.072917 0.547917 
0.214939 0.175305 0.510671 0.099085 
0.385714 0.252381 0.201587 0.160317 
0.081361 0.149408 0.714497 0.054734 
0.423177 0.404948 0.131510 0.040365 
0.176596 0.180851 0.095745 0.546809 
0.329384 0.073460 0.082938 0.514218 
0.058904 0.672603 0.217808 0.050685 
0.158482 0.194196 0.082589 0.564732 
0.310127 0.086498 0.065401 0.537975 
0.643048 0.102941 0.143048 0.110963 
0.224409 0.140420 0.597113 0.038058 
0.274059 0.081590 0.077406 0.566946 
0.230878 0.094901 0.573654 0.100567 
0.305627 0.297954 0.320972 0.075448 
0.280914 0.393817 0.245968 0.079301 
0.156818 0.097727 0.215909 0.529545 
0.060494 0.801235 0.107407 0.030864 
0.745232 0.074932 0.058583 0.121253 
0.155242 0.223790 0.074597 0.546371 
0.290698 0.123256 0.090698 0.495349 
0.686198 0.126302 0.141927 0.045573 
0.151316 0.129386 0.120614 0.598684 
0.258850 0.090708 0.077434 0.573009 
0.150430 0.319484 0.436963 0.093123 
0.195279 0.070815 0.186695 0.547210 
0.495614 0.121345 0.276316 0.106725 
0.262115 0.068282 0.116740 0.552863 
0.501445 0.143064 0.232659 0.122832 
0.132653 0.108163 0.226531 0.532653 
0.428358 0.091045 0.285075 0.195522 
0.149621 0.236742 0.077652 0.535985 
0.706388 0.156020 0.097052 0.040541 
0.111264 0.762363 0.064560 0.061813 
0.508310 0.076177 0.364266 0.051247 
0.160714 0.103022 0.652473 0.083791 
0.170455 0.129545 0.129545 0.570455 
0.162500 0.682955 0.112500 0.042045 
0.162260 0.558894 0.239183 0.039663 
0.235215 0.291667 0.431452 0.041667 
0.291367 0.574341 0.092326 0.041966 
0.275210 0.086134 0.077731 0.560924 
0.703008 0.121554 0.066416 0.109023 
0.266746 0.374402 0.305024 0.053828 
0.229084 0.093625 0.077689 0.599602 
0.286561 0.057312 0.108696 0.547431 
0.268889 0.086667 0.148889 0.495556 
0.153941 0.614532 0.181034 0.050493 
0.450269 0.307796 0.127688 0.114247 
0.185780 0.075688 0.245413 0.493119 
0.085242 0.657761 0.212468 0.044529 
0.484223 0.185680 0.268204 0.061893 
0.225191 0.342239 0.398219 0.034351 
0.198163 0.164042 0.578740 0.059055 
0.267033 0.612088 0.075824 0.045055 
0.234000 0.106000 0.094000 0.566000 
0.140167 0.144351 0.131799 0.583682 
0.149789 0.090717 0.175105 0.584388 
0.287879 0.588578 0.080420 0.043124 
0.227273 0.101732 0.088745 0.582251 
0.058233 0.283133 0.114458 0.544177 
0.207983 0.102941 0.094538 0.594538 
0.323892 0.168719 0.410099 0.097291 
0.174541 0.631234 0.064304 0.129921 
0.068182 0.258264 0.121901 0.551653 
0.300983 0.224816 0.401720 0.072482 
0.259021 0.418814 0.279639 0.042526 
0.060881 0.281088 0.563472 0.094560 
0.151408 0.684272 0.041080 0.123239 
0.260108 0.149596 0.491914 0.098383 
0.100000 0.263265 0.067347 0.569388 
0.109127 0.101190 0.208333 0.581349 
0.126609 0.075107 0.238197 0.560086 
0.176136 0.712500 0.076136 0.035227 
0.261050 0.100829 0.534530 0.103591 
0.422190 0.139769 0.353026 0.085014 
0.176357 0.048450 0.203488 0.571705 
0.078629 0.062500 0.300403 0.558468 
0.183721 0.123256 0.127907 0.565116 
0.415294 0.234118 0.292941 0.057647 
0.068000 0.393333 0.454667 0.084000 
0.122871 0.738443 0.054745 0.083942 
0.232648 0.525707 0.209512 0.032134 
0.190411 0.204110 0.489041 0.116438 
0.083333 0.083333 0.270325 0.563008 
0.205556 0.364815 0.112963 0.316667 
0.202670 0.644417 0.081311 0.071602 
0.170588 0.115686 0.115686 0.598039 
0.137887 0.315722 0.472938 0.073454 
0.137712 0.091102 0.247881 0.523305 
0.225369 0.114532 0.621921 0.038177 
0.335648 0.122685 0.094907 0.446759 
0.060859 0.807876 0.094272 0.036993 
0.567819 0.121011 0.171543 0.139628 
0.596561 0.088624 0.173280 0.141534 
0.177807 0.209893 0.493316 0.118984 
0.240148 0.616995 0.084975 0.057882 
0.542683 0.120732 0.193902 0.142683 
0.301190 0.584524 0.065476 0.048810 
0.320408 0.055102 0.071429 0.553061 
0.059387 0.289272 0.078544 0.572797 
0.265182 0.078947 0.119433 0.536437 
0.669786 0.081551 0.097594 0.151070 
0.433638 0.360412 0.138444 0.067506 
0.149543 0.446347 0.366438 0.037671 
0.296250 0.158750 0.506250 0.038750 
0.105948 0.117100 0.187732 0.589219 
0.076772 0.257874 0.084646 0.580709 
0.177043 0.071984 0.169261 0.581712 
0.269547 0.059671 0.080247 0.590535 
0.041176 0.704706 0.220000 0.034118 
0.083026 0.057196 0.278598 0.581181 
0.059417 0.797085 0.061659 0.081839 
0.108744 0.781390 0.079596 0.030269 
0.062925 0.294218 0.083333 0.559524 
0.191358 0.121399 0.080247 0.606996 
0.130189 0.235849 0.084906 0.549057 
0.060784 0.052941 0.288235 0.598039 
0.094937 0.073840 0.322785 0.508439 
0.117706 0.753521 0.099598 0.029175 
0.157828 0.175505 0.574495 0.092172 
0.136771 0.168161 0.208520 0.486547 
0.664882 0.144540 0.142398 0.048180 
0.169211 0.230280 0.479644 0.120865 
0.090793 0.234015 0.528133 0.147059 
0.252969 0.540380 0.141330 0.065321 
0.110909 0.158182 0.180000 0.550909 
0.078182 0.067273 0.274545 0.580000 
0.130197 0.239606 0.585339 0.044858 
0.183258 0.156109 0.151584 0.509050 
0.059165 0.567285 0.288863 0.084687 
0.136743 0.717119 0.092902 0.053236 
0.115517 0.087931 0.225862 0.570690 
0.115970 0.188213 0.131179 0.564639 
0.112705 0.108607 0.264344 0.514344 
0.094982 0.094982 0.209677 0.600358 
0.183168 0.717822 0.062376 0.036634 
0.237470 0.468974 0.235084 0.058473 
0.143137 0.150980 0.131373 0.574510 
0.089416 0.049270 0.271898 0.589416 
0.189850 0.174812 0.099624 0.535714 
0.133197 0.157787 0.202869 0.506148 
0.238839 0.158482 0.122768 0.479911 
0.573020 0.053218 0.288366 0.085396 
0.232477 0.620327 0.113318 0.033879 
0.046973 0.783925 0.132568 0.036534 
0.272994 0.147750 0.521526 0.057730 
0.069643 0.116071 0.226786 0.587500 
0.236742 0.085227 0.054924 0.623106 
0.104305 0.120861 0.140728 0.634106 
0.165493 0.118545 0.630282 0.085681 
0.314118 0.217647 0.394118 0.074118 
0.315367 0.136468 0.514908 0.033257 
0.079044 0.288603 0.071691 0.560662 
0.479118 0.142691 0.244780 0.133411 
0.087045 0.111336 0.293522 0.508097 
0.123574 0.096958 0.256654 0.522814 
0.251894 0.077652 0.089015 0.581439 
0.196809 0.129433 0.076241 0.597518 
0.053502 0.837549 0.061284 0.047665 
0.199761 0.163876 0.510766 0.125598 
0.295991 0.123821 0.508255 0.071934 
0.264479 0.075290 0.106178 0.554054 
0.064570 0.312914 0.064570 0.557947 
0.075646 0.219557 0.175277 0.529520 
0.511765 0.107059 0.227059 0.154118 
0.177734 0.107422 0.119141 0.595703 
0.130662 0.155052 0.130662 0.583624 
0.582803 0.209130 0.151805 0.056263 
0.353933 0.389888 0.210112 0.046067 
0.114773 0.178409 0.639773 0.067045 
0.129893 0.229537 0.083630 0.556940 
0.164207 0.204797 0.108856 0.522140 
0.149402 0.081673 0.249004 0.519920 
0.108418 0.432398 0.389031 0.070153 
0.108268 0.261811 0.104331 0.525591 
0.068254 0.207937 0.109524 0.614286 
0.093590 0.101282 0.693590 0.111538 
0.059295 0.245192 0.123397 0.572115 
0.504158 0.385655 0.063410 0.046778 
0.282875 0.136086 0.062691 0.518349 
0.073086 0.295824 0.548724 0.082367 
0.098165 0.775229 0.088991 0.037615 
0.585177 0.074115 0.222345 0.118363 
0.087209 0.222868 0.176357 0.513566 
0.517857 0.110714 0.189286 0.182143 
0.108766 0.306818 0.060065 0.524351 
0.123693 0.081882 0.238676 0.555749 
0.085317 0.113095 0.263889 0.537698 
0.183398 0.113900 0.117761 0.584942 
0.160650 0.092058 0.142599 0.604693 
0.076087 0.296584 0.069876 0.557453 
0.069876 0.163043 0.187888 0.579193 
0.258123 0.066787 0.106498 0.568592 
0.358163 0.388776 0.209184 0.043878 
0.112132 0.159926 0.093750 0.634191 
0.105556 0.072222 0.268519 0.553704 
0.056383 0.686170 0.194681 0.062766 
0.077068 0.088346 0.302632 0.531955 
0.170927 0.183706 0.065495 0.579872 
0.125000 0.271694 0.552686 0.050620 
0.279359 0.072954 0.090747 0.556940 
0.238431 0.083501 0.616700 0.061368 
0.104361 0.185358 0.104361 0.605919 
0.063126 0.618236 0.291583 0.027054 
0.803191 0.058511 0.067021 0.071277 
0.151606 0.103414 0.685743 0.059237 
0.196113 0.061837 0.167845 0.574205 
0.192540 0.682460 0.063508 0.061492 
0.219368 0.092885 0.092885 0.594862 
0.419622 0.124113 0.280142 0.176123 
0.434647 0.214730 0.279046 0.071577 
0.188291 0.090190 0.068038 0.653481 
0.082418 0.075092 0.276557 0.565934 
0.065079 0.211111 0.128571 0.595238 
0.223510 0.067881 0.110927 0.597682 
0.163430 0.066343 0.111650 0.658576 
0.246681 0.240044 0.430310 0.082965 
0.109756 0.147450 0.677384 0.065410 
0.133446 0.119932 0.146959 0.599662 
0.285948 0.053922 0.080065 0.580065 
0.303390 0.079661 0.059322 0.557627 
0.205492 0.697917 0.059659 0.036932 
0.086626 0.202128 0.080547 0.630699 
0.082746 0.075704 0.244718 0.596831 
0.190323 0.188172 0.573118 0.048387 
0.207527 0.278495 0.383871 0.130108 
0.253268 0.076797 0.076797 0.593137 
0.310784 0.518627 0.140196 0.030392 
0.226987 0.099372 0.567992 0.105649 
0.196864 0.186411 0.071429 0.545296 
0.037546 0.814103 0.094322 0.054029 
0.162021 0.168990 0.067944 0.601045 
0.488494 0.199791 0.247908 0.063808 
0.136458 0.217708 0.553125 0.092708 
0.099581 0.359539 0.472746 0.068134 
0.077586 0.143103 0.167241 0.612069 
0.044466 0.803360 0.097826 0.054348 
0.273196 0.080756 0.073883 0.572165 
0.230650 0.125387 0.066563 0.577399 
0.103279 0.090164 0.211475 0.595082 
0.140988 0.143895 0.170058 0.545058 
0.271488 0.149895 0.525157 0.053459 
0.065079 0.106349 0.185714 0.642857 
0.142105 0.068421 0.198246 0.591228 
0.307047 0.055369 0.115772 0.521812 
0.113354 0.228261 0.107143 0.551242 
0.246689 0.071192 0.057947 0.624172 
0.060065 0.284091 0.066558 0.589286 
0.131068 0.163430 0.069579 0.635922 
0.100683 0.209898 0.093857 0.595563 
0.070463 0.443050 0.446911 0.039575 
0.225096 0.347701 0.363027 0.064176 
0.037223 0.858149 0.047284 0.057344 
0.345238 0.062925 0.083333 0.508503 
0.217742 0.075806 0.062903 0.643548 
0.161565 0.086735 0.093537 0.658163 
0.089869 0.129085 0.191176 0.589869 
0.237201 0.073379 0.127986 0.561433 
0.280208 0.186458 0.457292 0.076042 
0.112100 0.051601 0.304270 0.532028 
0.261696 0.071637 0.071637 0.595029 
0.085086 0.673996 0.207457 0.033461 
0.259804 0.135621 0.060458 0.544118 
0.277409 0.081395 0.068106 0.573090 
0.118750 0.759821 0.059821 0.061607 
0.201789 0.203777 0.543738 0.050696 
0.114964 0.114964 0.253650 0.516423 
0.165033 0.086601 0.125817 0.622549 
0.120640 0.114826 0.178779 0.585756 
0.062712 0.110169 0.279661 0.547458 
0.130040 0.751008 0.043347 0.075605 
0.217014 0.126736 0.130208 0.526042 
0.193603 0.183502 0.058923 0.563973 
0.046903 0.823894 0.050442 0.078761 
0.280844 0.050325 0.102273 0.566558 
0.237864 0.066343 0.153722 0.542071 
0.078313 0.809811 0.080034 0.031842 
0.218266 0.054180 0.128483 0.599071 
0.129243 0.244125 0.071802 0.554830 
0.182258 0.098387 0.101613 0.617742 
0.097115 0.312500 0.537500 0.052885 
0.076299 0.121753 0.238636 0.563312 
0.164756 0.098854 0.150430 0.585960 
0.084158 0.067657 0.282178 0.566007 
0.097360 0.047855 0.288779 0.566007 
0.379573 0.053354 0.080793 0.486280 
0.086538 0.215659 0.083791 0.614011 
0.252412 0.049839 0.072347 0.625402 
0.176036 0.051775 0.181953 0.590237 
0.231419 0.079392 0.055743 0.633446 
0.097518 0.086879 0.303191 0.512411 
0.092375 0.165689 0.101173 0.640762 
0.097015 0.085075 0.219403 0.598507 
0.048287 0.247664 0.104361 0.599688 
0.101256 0.815542 0.035322 0.047881 
0.038462 0.617949 0.291453 0.052137 
0.068116 0.053623 0.302899 0.575362 
0.490758 0.135860 0.285582 0.087800 
0.331014 0.167992 0.398608 0.102386 
0.112457 0.212803 0.077855 0.596886 
0.283282 0.066563 0.069659 0.580495 
0.069659 0.187307 0.156347 0.586687 
0.279456 0.064955 0.067976 0.587613 
0.093443 0.109836 0.270492 0.526230 
0.154945 0.236264 0.495604 0.113187 
0.088589 0.163664 0.151652 0.596096 
0.126911 0.059633 0.221713 0.591743 
0.137343 0.744165 0.072711 0.045781 
0.164013 0.046178 0.234076 0.555732 
0.178427 0.138105 0.621976 0.061492 
0.083791 0.177198 0.086538 0.652473 
0.039835 0.177198 0.125000 0.657967 
0.148562 0.129393 0.110224 0.611821 
0.420909 0.393636 0.133636 0.051818 
0.366667 0.530631 0.076577 0.026126 
0.133224 0.074013 0.261513 0.531250 
0.067976 0.089124 0.276435 0.566465 
0.123512 0.162202 0.123512 0.590774 
0.350440 0.039589 0.068915 0.541056 
0.079685 0.806480 0.074431 0.039405 
0.096542 0.295389 0.067723 0.540346 
0.224522 0.087580 0.084395 0.603503 
0.256014 0.077320 0.121993 0.544674 
0.194678 0.040616 0.180672 0.584034 
0.224522 0.055732 0.113057 0.606688 
0.176230 0.110656 0.058743 0.654372 
0.100299 0.091317 0.241018 0.567365 
0.162207 0.081940 0.212375 0.543478 
0.209402 0.061254 0.084046 0.645299 
0.282534 0.083904 0.155822 0.477740 
0.157658 0.067568 0.181682 0.593093 
0.211375 0.286078 0.476231 0.026316 
0.043056 0.137500 0.165278 0.654167 
0.094805 0.253247 0.112987 0.538961 
0.302557 0.052557 0.063920 0.580966 
0.110028 0.093315 0.140669 0.655989 
0.247076 0.068713 0.080409 0.603801 
0.317797 0.055085 0.057910 0.569209 
0.202744 0.092988 0.099085 0.605183 
0.061782 0.070402 0.280172 0.587644 
0.076324 0.113707 0.228972 0.580997 
0.677885 0.049038 0.133654 0.139423 
0.193410 0.121777 0.061605 0.623209 
0.538961 0.314471 0.089981 0.056586 
0.129921 0.166667 0.098425 0.604987 
0.070402 0.239943 0.084770 0.604885 
0.055990 0.261719 0.076823 0.605469 
0.361272 0.224470 0.315029 0.099229 
0.334163 0.571310 0.048922 0.045605 
0.340951 0.143510 0.408592 0.106947 
0.237069 0.076149 0.079023 0.607759 
0.181937 0.121728 0.085079 0.611257 
0.132857 0.070000 0.201429 0.595714 
0.048883 0.076816 0.238827 0.635475 
0.178571 0.132857 0.078571 0.610000 
0.112086 0.774854 0.088694 0.024366 
0.073438 0.092188 0.257812 0.576562 
0.248596 0.046348 0.091292 0.613764 
0.093272 0.056575 0.279817 0.570336 
0.313636 0.065152 0.065152 0.556061 
0.444915 0.100847 0.392373 0.061864 
0.320290 0.056522 0.044928 0.578261 
0.302005 0.041353 0.053885 0.602757 
0.069298 0.758772 0.071053 0.100877 
0.655779 0.191792 0.108040 0.044389 
0.096460 0.101770 0.655752 0.146018 
0.226852 0.069444 0.078704 0.625000 
0.077684 0.235876 0.063559 0.622881 
0.467430 0.191021 0.284331 0.057218 
0.463908 0.208627 0.270246 0.057218 
0.179448 0.136503 0.105828 0.578221 
0.055707 0.305707 0.072011 0.566576 
0.057522 0.078171 0.281711 0.582596 
0.085079 0.255236 0.066754 0.592932 
0.093750 0.194940 0.150298 0.561012 
0.322901 0.600763 0.041985 0.034351 
0.087644 0.265805 0.079023 0.567529 
0.072308 0.081538 0.303077 0.543077 
0.077413 0.629326 0.248634 0.044627 
0.125740 0.140533 0.125740 0.607988 
0.095638 0.085570 0.273490 0.545302 
0.216418 0.097015 0.111940 0.574627 
0.083333 0.157104 0.105191 0.654372 
0.114780 0.064465 0.278302 0.542453 
0.063172 0.114247 0.165323 0.657258 
0.053571 0.045330 0.331044 0.570055 
0.064987 0.064987 0.210875 0.659151 
0.715909 0.130245 0.044580 0.109266 
0.109756 0.201897 0.088076 0.600271 
0.198701 0.084416 0.141558 0.575325 
0.087467 0.131854 0.160574 0.620104 
0.264793 0.072485 0.069527 0.593195 
0.227143 0.055714 0.070000 0.647143 
0.105351 0.185619 0.158863 0.550167 
0.263554 0.070783 0.128012 0.537651 
0.086066 0.230874 0.072404 0.610656 
0.367470 0.174699 0.388124 0.069707 
0.103604 0.085586 0.208709 0.602102 
0.047945 0.217808 0.105479 0.628767 
0.181948 0.070201 0.116046 0.631805 
0.052972 0.184755 0.153747 0.608527 
0.052846 0.266938 0.047425 0.632791 
0.053468 0.244220 0.108382 0.593931 
0.192722 0.095687 0.066038 0.645553 
0.169034 0.126420 0.117898 0.586648 
0.096439 0.057864 0.277448 0.568249 
0.136765 0.119118 0.116176 0.627941 
0.217452 0.137119 0.073407 0.572022 
0.266571 0.061960 0.082133 0.589337 
0.109848 0.145202 0.157828 0.587121 
0.134393 0.186416 0.062139 0.617052 
0.150893 0.511607 0.213393 0.124107 
0.157289 0.157289 0.090793 0.594629 
0.092330 0.115057 0.211648 0.580966 
0.417160 0.338264 0.081854 0.162722 
0.073020 0.184406 0.110149 0.632426 
0.270604 0.045330 0.108516 0.575549 
0.247268 0.042350 0.116120 0.594262 
0.117722 0.062025 0.441772 0.378481 
0.202550 0.123229 0.077904 0.596317 
0.355053 0.033245 0.049202 0.562500 
0.097531 0.159259 0.104938 0.638272 
0.085260 0.053468 0.252890 0.608382 
0.315126 0.071429 0.130252 0.483193 
0.271802 0.082849 0.068314 0.577035 
0.621429 0.192857 0.156349 0.029365 
0.079088 0.079088 0.264075 0.577748 
0.240053 0.062334 0.038462 0.659151 
0.260446 0.057103 0.076602 0.605850 
0.143432 0.162198 0.076408 0.617962 
0.089041 0.132877 0.138356 0.639726 
0.509483 0.376724 0.062931 0.050862 
0.061080 0.066761 0.299716 0.572443 
0.059764 0.721380 0.170875 0.047980 
0.113636 0.076203 0.185829 0.624332 
0.076602 0.110028 0.196379 0.616992 
0.085526 0.067105 0.248684 0.598684 
0.183702 0.158840 0.070442 0.587017 
0.241892 0.066216 0.063514 0.628378 
0.379231 0.523846 0.053077 0.043846 
0.115804 0.102180 0.235695 0.546322 
0.272806 0.166093 0.475904 0.085198 
0.081662 0.130372 0.265043 0.522923 
0.306497 0.046610 0.055085 0.591808 
0.230000 0.070000 0.058571 0.641429 
0.119303 0.063003 0.218499 0.599196 
0.141910 0.136605 0.075597 0.645889 
0.094880 0.134036 0.152108 0.618976 
0.653146 0.158113 0.134934 0.053808 
0.366142 0.061680 0.069554 0.502625 
0.240741 0.070370 0.065432 0.623457 
0.062500 0.158245 0.176862 0.602394 
0.208333 0.076149 0.150862 0.564655 
0.175397 0.573810 0.211905 0.038889 
0.068579 0.078554 0.253117 0.599751 
0.189607 0.167135 0.085674 0.557584 
0.067259 0.064721 0.242386 0.625635 
0.096542 0.082133 0.211816 0.609510 
0.298319 0.046218 0.079832 0.575630 
0.255906 0.061680 0.053806 0.628609 
0.380769 0.496154 0.070000 0.053077 
0.127566 0.221408 0.054252 0.596774 
0.055707 0.077446 0.275815 0.591033 
0.116379 0.114655 0.709483 0.059483 
0.256443 0.063144 0.052835 0.627577 
0.258621 0.080902 0.072944 0.587533 
0.238158 0.072368 0.075000 0.614474 
0.734626 0.199866 0.042112 0.023396 
0.109459 0.144595 0.128378 0.617568 
0.173977 0.074561 0.150585 0.600877 
0.208126 0.075456 0.679104 0.037313 
0.037621 0.336165 0.037621 0.588592 
0.037621 0.336165 0.040049 0.586165 
0.267105 0.051316 0.069737 0.611842 
0.087563 0.227157 0.105330 0.579949 
0.387231 0.488391 0.101990 0.022388 
0.259756 0.071951 0.103659 0.564634 
0.157552 0.055990 0.180990 0.605469 
0.124672 0.087927 0.182415 0.604987 
0.117251 0.076819 0.219677 0.586253 
0.062334 0.062334 0.306366 0.568966 
0.053885 0.166667 0.224311 0.555138 
0.458097 0.409801 0.087358 0.044744 
0.210859 0.104798 0.064394 0.619949 
0.085897 0.244872 0.067949 0.601282 
0.193060 0.424377 0.137900 0.244662 
0.104167 0.150735 0.138480 0.606618 
0.391410 0.490276 0.096434 0.021880 
0.215174 0.073383 0.078358 0.633085 
0.050914 0.058747 0.270235 0.620104 
0.114183 0.236779 0.051683 0.597356 
0.238971 0.042892 0.077206 0.640931 
0.147936 0.161697 0.051606 0.638761 
0.114251 0.072482 0.224816 0.588452 
0.126250 0.068750 0.171250 0.633750 
0.088010 0.062500 0.248724 0.600765 
0.058612 0.120813 0.264354 0.556220 
0.193750 0.111250 0.076250 0.618750 
0.144472 0.164573 0.109296 0.581658 
0.231268 0.277378 0.456052 0.035303 
0.158422 0.273396 0.530080 0.038102 
0.312500 0.036557 0.050708 0.600236 
0.072700 0.081602 0.283383 0.562315 
0.509969 0.335123 0.129601 0.025307 
0.055556 0.099483 0.264858 0.580103 
0.296632 0.053109 0.058290 0.591969 
0.082278 0.082278 0.181013 0.654430 
0.061594 0.223430 0.092995 0.621981 
0.049342 0.174342 0.126096 0.650219 
0.123342 0.064987 0.245358 0.566313 
0.126963 0.090314 0.132199 0.650524 
0.080769 0.080769 0.239744 0.598718 
0.241935 0.085608 0.073201 0.599256 
0.066166 0.715553 0.186221 0.032060 
0.139386 0.180307 0.093350 0.586957 
0.318389 0.528116 0.134498 0.018997 
0.076659 0.090389 0.197941 0.635011 
0.090376 0.179577 0.111502 0.618545 
0.187059 0.170588 0.196471 0.445882 
0.225765 0.075255 0.113520 0.585459 
0.257576 0.045455 0.057110 0.639860 
0.091629 0.039593 0.245475 0.623303 
0.142005 0.108592 0.070406 0.678998 
0.029753 0.730769 0.169086 0.070392 
0.075721 0.263221 0.066106 0.594952 
0.043224 0.321262 0.043224 0.592290 
0.139019 0.096963 0.164720 0.599299 
0.037634 0.263441 0.069892 0.629032 
0.071429 0.258242 0.089011 0.581319 
0.069740 0.140662 0.166667 0.622931 
0.085956 0.151332 0.127119 0.635593 
0.163095 0.136905 0.058333 0.641667 
0.132000 0.181600 0.656800 0.029600 
0.066106 0.073317 0.277644 0.582933 
0.704167 0.185119 0.062500 0.048214 
0.045455 0.297040 0.053911 0.603594 
0.083535 0.168281 0.105327 0.642857 
0.044521 0.051370 0.297945 0.606164 
0.211584 0.088652 0.074468 0.625296 
0.035053 0.880291 0.057540 0.027116 
0.272908 0.582337 0.109562 0.035193 
0.240610 0.034038 0.095070 0.630282 
0.047344 0.077367 0.259815 0.615473 
0.184800 0.108000 0.663200 0.044000 
0.068345 0.111511 0.257794 0.562350 
0.208333 0.075000 0.094048 0.622619 
0.197761 0.068408 0.095771 0.638060 
0.639168 0.083931 0.256098 0.020803 
0.082278 0.107595 0.206329 0.603797 
0.106205 0.063246 0.239857 0.590692 
0.100728 0.093447 0.253641 0.552184 
0.059913 0.258170 0.064270 0.617647 
0.088778 0.563210 0.314631 0.033381 
0.086340 0.088918 0.248711 0.576031 
0.127685 0.173031 0.068019 0.631265 
0.166667 0.202638 0.056355 0.574341 
0.040441 0.040441 0.324755 0.594363 
0.397021 0.169041 0.413860 0.020078 
0.266129 0.056452 0.107143 0.570276 
0.115667 0.761934 0.077723 0.044676 
0.053444 0.058195 0.300475 0.587886 
0.064978 0.153084 0.133260 0.648678 
0.102410 0.186747 0.063855 0.646988 
0.058642 0.252058 0.058642 0.630658 
0.050412 0.258230 0.054527 0.636831 
0.280045 0.035147 0.078231 0.606576 
0.084726 0.051313 0.275656 0.588305 
0.308354 0.045455 0.050369 0.595823 
0.054907 0.075935 0.258178 0.610981 
0.063095 0.082143 0.255952 0.598810 
0.372611 0.041401 0.041401 0.544586 
0.046638 0.298265 0.070499 0.584599 
0.230296 0.092365 0.057882 0.619458 
0.337341 0.518388 0.126591 0.017680 
0.195701 0.091629 0.093891 0.618778 
0.057609 0.135870 0.192391 0.614130 
0.160138 0.093318 0.130184 0.616359 
0.021233 0.748630 0.166438 0.063699 
0.028082 0.729452 0.178767 0.063699 
0.246959 0.064477 0.076642 0.611922 
0.091860 0.080233 0.224419 0.603488 
0.211111 0.062963 0.127160 0.598765 
0.105839 0.064477 0.237226 0.592457 
0.259534 0.039195 0.064619 0.636653 
0.629093 0.268892 0.072418 0.029597 
0.103175 0.041950 0.252834 0.602041 
0.083333 0.123333 0.145556 0.647778 
0.298864 0.076136 0.053409 0.571591 
0.042627 0.233871 0.100230 0.623272 
0.123171 0.303659 0.040244 0.532927 
0.206221 0.049539 0.162442 0.581797 
0.050000 0.343333 0.038889 0.567778 
0.054810 0.052573 0.258389 0.634228 
0.440051 0.121173 0.047194 0.391582 
0.196188 0.048206 0.151345 0.604260 
0.099165 0.049061 0.232777 0.618998 
0.196471 0.062353 0.137647 0.603529 
0.142694 0.156393 0.071918 0.628995 
0.228541 0.078326 0.080472 0.612661 
0.316187 0.224280 0.335391 0.124143 
0.072917 0.086806 0.223380 0.616898 
0.055789 0.116842 0.230526 0.596842 
0.207447 0.088298 0.077660 0.626596 
0.081699 0.051198 0.245098 0.622004 
0.130388 0.192888 0.046336 0.630388 
0.224099 0.079955 0.077703 0.618243 
0.225113 0.087104 0.078054 0.609729 
0.161664 0.127558 0.611869 0.098909 
0.210214 0.065321 0.091449 0.633017 
0.165598 0.095085 0.092949 0.646368 
0.108592 0.065632 0.223150 0.602625 
0.137550 0.161647 0.073293 0.627510 
0.056541 0.207317 0.169623 0.566519 
0.132054 0.037246 0.229120 0.601580 
0.106982 0.079955 0.197072 0.615991 
0.053971 0.190428 0.133401 0.622200 
0.156716 0.109808 0.082090 0.651386 
0.082796 0.104301 0.160215 0.652688 
0.576058 0.222884 0.147487 0.053571 
0.154095 0.119612 0.044181 0.682112 
0.238149 0.066591 0.059819 0.635440 
0.178832 0.052311 0.188564 0.580292 
0.323009 0.568268 0.058786 0.049937 
0.034304 0.281705 0.044699 0.639293 
0.037149 0.079317 0.243976 0.639558 
0.029517 0.355098 0.034884 0.580501 
0.047094 0.133267 0.189379 0.630261 
0.112009 0.107390 0.239030 0.541570 
0.091019 0.120146 0.195388 0.593447 
0.192464 0.045825 0.143585 0.618126 
0.149793 0.071281 0.184917 0.594008 
0.201253 0.424095 0.287604 0.087047 
0.181330 0.125536 0.043991 0.649142 
0.069079 0.053728 0.288377 0.588816 
0.069690 0.058628 0.284292 0.587389 
0.259615 0.095085 0.058761 0.586538 
0.041498 0.049595 0.312753 0.596154 
0.084181 0.824294 0.048023 0.043503 
0.241342 0.055195 0.046537 0.656926 
0.035861 0.105533 0.207992 0.650615 
0.042620 0.188150 0.140333 0.628898 
0.064634 0.057317 0.303659 0.574390 
0.316162 0.039394 0.045455 0.598990 
0.057895 0.053684 0.255789 0.632632 
0.298367 0.491834 0.057161 0.152638 
0.370440 0.072327 0.527673 0.029560 
0.118313 0.062757 0.210905 0.608025 
0.248904 0.042763 0.126096 0.582237 
0.232684 0.117965 0.048701 0.600649 
0.131743 0.057054 0.212656 0.598548 
0.274096 0.049197 0.039157 0.637550 
0.040275 0.081532 0.230845 0.647348 
0.228477 0.054084 0.060706 0.656733 
0.249474 0.051579 0.072632 0.626316 
0.109272 0.084989 0.171082 0.634658 
0.076238 0.195050 0.096040 0.632673 
0.103191 0.086170 0.207447 0.603191 
0.073099 0.221248 0.071150 0.634503 
0.047571 0.177126 0.150810 0.624494 
0.242455 0.049296 0.065392 0.642857 
0.272436 0.058761 0.075855 0.592949 
0.298583 0.045547 0.047571 0.608300 
0.210905 0.060700 0.118313 0.610082 
0.394375 0.080625 0.501875 0.023125 
0.058429 0.173372 0.125479 0.642720 
0.242072 0.056025 0.072939 0.628964 
0.118201 0.155858 0.088912 0.637029 
0.260736 0.082822 0.052147 0.604294 
0.081741 0.054140 0.264331 0.599788 
0.290068 0.046275 0.068849 0.594808 
0.046078 0.063725 0.220588 0.669608 
0.213376 0.094480 0.075372 0.616773 
0.075532 0.067021 0.211702 0.645745 
0.086057 0.068627 0.271242 0.574074 
0.082176 0.077546 0.246528 0.593750 
0.119238 0.141283 0.087174 0.652305 
0.290966 0.078782 0.051471 0.578782 
0.046171 0.041667 0.323198 0.588964 
0.127767 0.107646 0.147887 0.616700 
0.082441 0.084582 0.210921 0.622056 
0.107143 0.049539 0.236175 0.607143 
0.310311 0.039883 0.061284 0.588521 
0.026733 0.086139 0.258416 0.628713 
0.285256 0.054487 0.063034 0.597222 
0.096806 0.062874 0.248503 0.591816 
0.569951 0.142944 0.265815 0.021290 
0.122624 0.082700 0.183460 0.611217 
0.075855 0.073718 0.248932 0.601496 
0.281182 0.064551 0.049234 0.605033 
0.119448 0.736495 0.071429 0.072629 
0.218280 0.046237 0.106452 0.629032 
0.314202 0.039883 0.037938 0.607977 
0.154545 0.150505 0.071717 0.623232 
0.204595 0.106127 0.060175 0.629103 
0.046402 0.322917 0.031250 0.599432 
0.306262 0.034247 0.047945 0.611546 
0.059109 0.276163 0.037791 0.626938 
0.110753 0.065591 0.246237 0.577419 
0.045279 0.043353 0.282274 0.629094 
0.035211 0.075453 0.230382 0.658954 
0.108182 0.139091 0.133636 0.619091 
0.128327 0.153042 0.048479 0.670152 
0.031309 0.283681 0.069260 0.615750 
0.211111 0.045455 0.059596 0.683838 
0.042355 0.083678 0.271694 0.602273 
0.181913 0.146570 0.136175 0.535343 
0.282319 0.035171 0.092205 0.590304 
0.023979 0.301066 0.043517 0.631439 
0.033719 0.091522 0.224470 0.650289 
0.213542 0.051042 0.126042 0.609375 
0.069697 0.059596 0.261616 0.609091 
0.063941 0.042977 0.269392 0.623690 
0.044508 0.055871 0.277462 0.622159 
0.055000 0.075000 0.273000 0.597000 
0.110309 0.097938 0.170103 0.621649 
0.327255 0.060461 0.037428 0.574856 
0.120952 0.197143 0.084762 0.597143 
0.090447 0.051829 0.257114 0.600610 
0.077715 0.182584 0.077715 0.661985 
0.037525 0.045639 0.307302 0.609533 
0.025664 0.367257 0.039823 0.567257 
0.134683 0.097711 0.136444 0.631162 
0.391515 0.283029 0.280881 0.044576 
0.054428 0.266605 0.061808 0.617159 
0.077715 0.298689 0.029026 0.594569 
0.075985 0.156660 0.109756 0.657598 
0.081653 0.053427 0.263105 0.601815 
0.261165 0.045631 0.065049 0.628155 
0.228764 0.045367 0.105212 0.620656 
0.042214 0.085366 0.237336 0.635084 
0.119478 0.093373 0.141566 0.645582 
0.134731 0.144711 0.050898 0.669661 
0.076389 0.040675 0.262897 0.620040 
0.307171 0.033915 0.062984 0.595930 
0.516685 0.342047 0.100667 0.040601 
0.068138 0.070058 0.263916 0.597889 
0.062364 0.822668 0.066703 0.048265 
0.264235 0.105872 0.047153 0.582740 
0.066990 0.047573 0.266990 0.618447 
0.231151 0.042659 0.106151 0.620040 
0.166667 0.069369 0.118018 0.645946 
0.062268 0.073420 0.218401 0.645911 
0.137755 0.141837 0.094898 0.625510 
0.230550 0.076850 0.126186 0.566414 
0.099258 0.058442 0.225417 0.616883 
0.033525 0.299808 0.058429 0.608238 
0.075301 0.047189 0.245984 0.631526 
0.172727 0.102020 0.039394 0.685859 
0.188662 0.056691 0.112454 0.642193 
0.037546 0.037546 0.282967 0.641941 
0.099258 0.119666 0.088126 0.692950 
0.205989 0.113430 0.057169 0.623412 
0.309872 0.046618 0.072212 0.571298 
0.125992 0.046627 0.217262 0.610119 
0.171402 0.057765 0.105114 0.665720 
0.071839 0.058429 0.301724 0.568008 
0.226496 0.045299 0.122222 0.605983 
0.063765 0.057692 0.272267 0.606275 
0.085849 0.048113 0.229245 0.636792 
0.205144 0.116627 0.597488 0.080742 
0.073604 0.126058 0.117597 0.682741 
0.192929 0.160606 0.043434 0.603030 
0.173428 0.037525 0.108519 0.680527 
0.047321 0.166964 0.122321 0.663393 
0.085685 0.051411 0.261089 0.601815 
0.223404 0.494401 0.237962 0.044233 
0.074692 0.116872 0.181898 0.626538 
0.223684 0.134615 0.096154 0.545547 
0.230159 0.059083 0.062610 0.648148 
0.237873 0.096082 0.086754 0.579291 
0.105804 0.113059 0.721282 0.059855 
0.062709 0.147993 0.144649 0.644649 
0.150450 0.103604 0.080180 0.665766 
0.174618 0.102099 0.094466 0.628817 
0.237245 0.075680 0.079082 0.607993 
0.079588 0.244382 0.053371 0.622659 
0.153211 0.160550 0.039450 0.646789 
0.165434 0.085952 0.084104 0.664510 
0.235632 0.142036 0.036946 0.585386 
0.093695 0.240806 0.056918 0.608581 
0.093807 0.037341 0.208561 0.660291 
0.052885 0.066346 0.274038 0.606731 
0.054428 0.078413 0.257380 0.609779 
0.135879 0.231794 0.038188 0.594139 
0.272642 0.040566 0.055660 0.631132 
0.284588 0.049912 0.055166 0.610333 
0.172566 0.110619 0.082301 0.634513 
0.064195 0.060579 0.241410 0.633816 
0.057730 0.049902 0.269080 0.623288 
0.042907 0.095447 0.207531 0.654116 
0.106089 0.043358 0.093173 0.757380 
0.064885 0.868593 0.046347 0.020174 
0.222323 0.049909 0.055354 0.672414 
0.260753 0.072581 0.063620 0.603047 
0.033297 0.869541 0.060590 0.036572 
0.035043 0.111966 0.170085 0.682906 
0.038462 0.101709 0.187179 0.672650 
0.301971 0.042115 0.072581 0.583333 
0.049433 0.264992 0.046191 0.639384 
0.144714 0.044194 0.196707 0.614385 
0.257605 0.044677 0.075095 0.622624 
0.057726 0.068384 0.247780 0.626110 
0.266844 0.071809 0.031028 0.630319 
0.033679 0.202936 0.140760 0.622625 
0.177798 0.060469 0.111011 0.650722 
0.041809 0.200512 0.104949 0.652730 
0.174908 0.048535 0.165751 0.610806 
0.303156 0.029070 0.053987 0.613787 
0.141208 0.071936 0.146536 0.640320 
0.097540 0.102812 0.155536 0.644112 
0.081541 0.305556 0.036738 0.576165 
0.081541 0.294803 0.049283 0.574373 
0.152344 0.157031 0.071094 0.619531 
0.190598 0.067521 0.060684 0.681197 
0.049107 0.038393 0.302679 0.609821 
0.185798 0.102140 0.086576 0.625486 
0.164957 0.118803 0.053846 0.662393 
0.082577 0.069873 0.233212 0.614338 
0.255556 0.041880 0.069231 0.633333 
0.173043 0.183478 0.025217 0.618261 
0.212305 0.071924 0.051127 0.664645 
0.049565 0.044348 0.296522 0.609565 
0.271020 0.063506 0.045617 0.619857 
0.254011 0.075758 0.047237 0.622995 
0.165557 0.188852 0.034110 0.611481 
0.214158 0.140681 0.049283 0.595878 
0.057390 0.134434 0.148585 0.659591 
0.188288 0.128829 0.040541 0.642342 
0.050247 0.056837 0.277595 0.615321 
0.067261 0.064019 0.269854 0.598865 
0.251873 0.051498 0.088951 0.607678 
0.087354 0.108985 0.152246 0.651414 
0.039596 0.156056 0.135870 0.668478 
0.051223 0.286697 0.045107 0.616972 
0.046279 0.051724 0.271325 0.630672 
0.056918 0.044658 0.281086 0.617338 
0.082308 0.245385 0.042308 0.630000 
0.095993 0.169449 0.065943 0.668614 
0.032081 0.262128 0.053991 0.651800 
0.105482 0.057309 0.193522 0.643688 
0.084826 0.255532 0.584299 0.075342 
0.220728 0.053006 0.108386 0.617880 
0.043750 0.065179 0.297321 0.593750 
0.198763 0.036219 0.126325 0.638693 
0.214536 0.160245 0.028897 0.596322 
0.061912 0.049373 0.229624 0.659091 
0.059969 0.069315 0.225078 0.645639 
0.061576 0.053366 0.247126 0.637931 
0.070481 0.141791 0.135158 0.652570 
0.040605 0.115446 0.222134 0.621815 
0.230590 0.067547 0.072205 0.629658 
0.264658 0.036645 0.074104 0.624593 
0.032675 0.291033 0.041793 0.634498 
0.069514 0.072864 0.262144 0.595477 
0.044571 0.156402 0.148298 0.650729 
0.040030 0.047583 0.316465 0.595921 
0.267947 0.037563 0.070952 0.623539 
0.911251 0.033463 0.039282 0.016004 
0.272648 0.042683 0.065331 0.619338 
0.216418 0.723881 0.048727 0.010975 
0.165072 0.090112 0.091707 0.653110 
0.138072 0.056373 0.177288 0.628268 
0.031150 0.315495 0.050319 0.603035 
0.093077 0.134615 0.117692 0.654615 
0.216323 0.061014 0.051506 0.671157 
0.050623 0.088006 0.189252 0.672118 
0.063115 0.066393 0.279508 0.590984 
0.098673 0.203151 0.085406 0.612769 
0.277157 0.035942 0.088658 0.598243 
0.086411 0.025849 0.262186 0.625554 
0.233333 0.104878 0.047967 0.613821 
0.223917 0.095506 0.081059 0.599518 
0.084345 0.231444 0.033063 0.651147 
0.037133 0.078584 0.277202 0.607081 
0.307510 0.193441 0.466255 0.032795 
0.320817 0.174430 0.471958 0.032795 
0.231624 0.064103 0.064103 0.640171 
0.274716 0.054295 0.068882 0.602107 
0.183388 0.081414 0.101151 0.634046 
0.097050 0.218168 0.034938 0.649845 
0.047185 0.292219 0.038907 0.621689 
0.064444 0.205185 0.128148 0.602222 
0.018672 0.342324 0.036653 0.602351 
0.083333 0.049410 0.245575 0.621681 
0.207593 0.054120 0.105816 0.632472 
0.298878 0.050481 0.036058 0.614583 
0.282710 0.039720 0.042835 0.634735 
0.223824 0.126707 0.041730 0.607739 
0.063553 0.101838 0.205972 0.628637 
0.185714 0.051880 0.107519 0.654887 
0.061815 0.055556 0.258998 0.623631 
0.048363 0.112351 0.167411 0.671875 
0.187398 0.089198 0.090835 0.632570 
0.073151 0.034566 0.283762 0.608521 
0.047956 0.036950 0.299528 0.615566 
0.097761 0.233582 0.075373 0.593284 
0.093935 0.117604 0.132396 0.656065 
0.238275 0.056732 0.050681 0.654312 
0.088190 0.163344 0.108129 0.640337 
0.229393 0.050544 0.131415 0.588647 
0.175599 0.090973 0.102257 0.631171 
0.275621 0.031832 0.056677 0.635870 
0.282895 0.029971 0.056287 0.630848 
0.090976 0.043639 0.215237 0.650148 
0.051111 0.036296 0.274815 0.637778 
0.284266 0.566504 0.113950 0.035280 
0.199548 0.088102 0.048946 0.663404 
0.212782 0.053383 0.093985 0.639850 
0.292773 0.049410 0.031711 0.626106 
0.080147 0.041912 0.250735 0.627206 
0.384868 0.091447 0.096711 0.426974 
0.080275 0.042049 0.262232 0.615443 
0.057937 0.051587 0.261111 0.629365 
0.044601 0.080595 0.290297 0.584507 
0.137957 0.095274 0.115091 0.651677 
0.024132 0.878493 0.028366 0.069009 
0.262440 0.042536 0.034510 0.660514 
0.235437 0.072006 0.065534 0.627023 
0.055721 0.158247 0.146360 0.639673 
0.309049 0.036043 0.034509 0.620399 
0.129630 0.162222 0.051111 0.657037 
0.067010 0.068483 0.240795 0.623711 
0.231050 0.037172 0.045918 0.685860 
0.056869 0.064254 0.260709 0.618168 
0.032775 0.138773 0.158298 0.670153 
0.068444 0.077089 0.195245 0.659222 
0.032775 0.080195 0.232218 0.654812 
0.256988 0.045807 0.039596 0.657609 
0.121366 0.147529 0.089390 0.641715 
0.080690 0.072414 0.250345 0.596552 
0.054033 0.044901 0.265601 0.635464 
0.202991 0.070513 0.056268 0.670228 
0.147779 0.029862 0.103369 0.718989 
0.286719 0.046094 0.067969 0.599219 
0.194776 0.070896 0.111194 0.623134 
0.114476 0.263663 0.031758 0.590103 
0.304452 0.031002 0.050079 0.614467 
0.046667 0.068889 0.251111 0.633333 
0.055970 0.061940 0.257463 0.624627 
0.283217 0.028671 0.055245 0.632867 
0.030103 0.080029 0.262115 0.627753 
0.026423 0.111789 0.197154 0.664634 
0.064085 0.119014 0.227465 0.589437 
0.567215 0.161992 0.179400 0.091393 
0.276744 0.056589 0.078295 0.588372 
0.269174 0.055310 0.061209 0.614307 
0.087169 0.064854 0.088563 0.759414 
0.137857 0.200714 0.037857 0.623571 
0.167121 0.049795 0.057981 0.725102 
0.175743 0.167492 0.028878 0.627888 
0.160793 0.085903 0.077093 0.676211 
0.034559 0.115441 0.265441 0.584559 
0.090563 0.034247 0.280822 0.594368 
0.155222 0.095136 0.092275 0.657368 
0.141135 0.132624 0.088652 0.637589 
0.075323 0.035151 0.241750 0.647776 
0.219286 0.125000 0.055000 0.600714 
0.295747 0.047036 0.050902 0.606314 
0.048905 0.047445 0.273723 0.629927 
0.137956 0.100000 0.130657 0.631387 
0.060185 0.085317 0.217593 0.636905 
0.037931 0.050345 0.275172 0.636552 
0.157123 0.076117 0.105447 0.661313 
0.048686 0.085781 0.282071 0.583462 
0.286029 0.038971 0.046324 0.628676 
0.048387 0.070827 0.205470 0.675316 
0.170748 0.083673 0.060544 0.685034 
0.318614 0.050951 0.049592 0.580842 
0.241022 0.066989 0.058702 0.633287 
0.054688 0.057528 0.245028 0.642756 
0.300535 0.026104 0.048862 0.624498 
0.025144 0.099856 0.259339 0.615661 
0.248652 0.038410 0.084232 0.628706 
0.095994 0.171961 0.054558 0.677486 
0.041833 0.049801 0.262284 0.646082 
0.080690 0.033793 0.275172 0.610345 
0.082639 0.247917 0.032639 0.636806 
0.259383 0.051609 0.065013 0.623995 
0.257639 0.053472 0.040972 0.647917 
0.081956 0.172865 0.092975 0.652204 
0.020833 0.287247 0.033460 0.658460 
0.127235 0.057084 0.175378 0.640303 
0.028355 0.913339 0.032348 0.025958 
0.201524 0.047784 0.097645 0.653047 
0.145000 0.065000 0.163571 0.626429 
0.036481 0.096567 0.246781 0.620172 
0.031136 0.304640 0.040904 0.623321 
0.044344 0.234576 0.050771 0.670308 
0.049569 0.053879 0.269397 0.627155 
0.040656 0.308845 0.043509 0.606990 
0.047518 0.041844 0.282979 0.627660 
0.076977 0.065678 0.218220 0.639124 
0.197151 0.042729 0.074213 0.685907 
0.196176 0.095609 0.063031 0.645184 
0.071328 0.178672 0.103814 0.646186 
0.023964 0.069301 0.245466 0.661269 
0.205321 0.057981 0.090723 0.645975 
0.046795 0.212179 0.050641 0.690385 
0.274282 0.049932 0.063611 0.612175 
0.218514 0.024559 0.098866 0.658060 
0.021945 0.342230 0.032622 0.603203 
0.032484 0.159873 0.190446 0.617197 
0.129265 0.106955 0.100394 0.663386 
0.151460 0.106448 0.065085 0.677007 
0.046556 0.078444 0.241709 0.633291 
0.034416 0.031818 0.311039 0.622727 
0.250336 0.100000 0.027517 0.622148 
0.057198 0.035347 0.267995 0.639460 
0.043860 0.050607 0.263833 0.641700 
0.052667 0.036667 0.264667 0.646000 
0.051230 0.034836 0.280738 0.633197 
0.077073 0.110751 0.149611 0.662565 
0.282936 0.055834 0.058344 0.602886 
0.037451 0.059790 0.250329 0.652431 
0.089761 0.033910 0.271941 0.604388 
0.050248 0.210298 0.091191 0.648263 
0.037724 0.091432 0.237212 0.633632 
0.120269 0.132479 0.071429 0.675824 
0.064413 0.267219 0.036352 0.632015 
0.103774 0.054717 0.186792 0.654717 
0.067481 0.027635 0.279563 0.625321 
0.070118 0.063565 0.240498 0.625819 
0.203704 0.033608 0.066529 0.696159 
0.054487 0.082692 0.244231 0.618590 
0.160239 0.044548 0.172207 0.623005 
0.034018 0.054557 0.267651 0.643774 
0.215198 0.051724 0.113027 0.620051 
0.076208 0.047708 0.221190 0.654895 
0.254601 0.049693 0.053374 0.642331 
0.264417 0.042331 0.054601 0.638650 
0.038765 0.067674 0.252957 0.640604 
0.075316 0.036076 0.256329 0.632278 
0.102027 0.115541 0.114189 0.668243 
0.026252 0.066545 0.252137 0.655067 
0.061370 0.041990 0.265504 0.631137 
0.084192 0.140321 0.078465 0.697022 
0.660015 0.181785 0.116473 0.041727 
0.284035 0.034035 0.045173 0.636757 
0.316525 0.044350 0.022479 0.616646 
0.064614 0.082729 0.199879 0.652778 
0.069843 0.046345 0.259138 0.624674 
0.287916 0.027744 0.059803 0.624538 
0.274823 0.027778 0.053783 0.643617 
0.263253 0.036747 0.052410 0.647590 
0.030495 0.146720 0.228423 0.594361 
0.195574 0.079545 0.081938 0.642943 
0.052124 0.037967 0.297941 0.611969 
0.119105 0.188029 0.038089 0.654776 
0.030973 0.070164 0.256005 0.642857 
0.110775 0.247579 0.023608 0.618039 
0.032526 0.103954 0.223852 0.639668 
0.025949 0.028481 0.310759 0.634810 
0.073389 0.090095 0.189141 0.647375 
0.122630 0.097749 0.171209 0.608412 
0.323461 0.020325 0.033101 0.623113 
0.106444 0.073072 0.186997 0.633487 
0.057668 0.056401 0.251584 0.634347 
0.082386 0.135795 0.086932 0.694886 
0.128319 0.042351 0.176359 0.652971 
0.139697 0.144753 0.062579 0.652971 
0.106627 0.053614 0.235542 0.604217 
0.151462 0.042690 0.137427 0.668421 
0.242138 0.037107 0.059748 0.661006 
0.134449 0.257125 0.030359 0.578067 
0.037455 0.051724 0.258621 0.652200 
0.044823 0.032197 0.270833 0.652146 
0.247036 0.107378 0.041502 0.604084 
0.157109 0.061529 0.072282 0.709080 
0.146357 0.040829 0.185302 0.627513 
0.061899 0.083534 0.221755 0.632812 
0.102874 0.050000 0.208621 0.638506 
0.105780 0.041040 0.216763 0.636416 
0.325378 0.021537 0.052969 0.600116 
0.295404 0.037556 0.033072 0.633969 
0.094350 0.041243 0.219774 0.644633 
0.297633 0.024260 0.051479 0.626627 
0.182738 0.088690 0.074405 0.654167 
0.041448 0.187303 0.087618 0.683631 
0.071009 0.062793 0.205986 0.660211 
0.185632 0.140805 0.063793 0.609770 
0.135088 0.151462 0.082456 0.630994 
0.027273 0.047879 0.296364 0.628485 
0.247691 0.042148 0.054850 0.655312 
0.027076 0.047533 0.294224 0.631167 
0.026224 0.032051 0.307110 0.634615 
0.250000 0.061816 0.071663 0.616521 
0.027199 0.220486 0.065394 0.686921 
0.152330 0.081840 0.141577 0.624253 
0.158158 0.060488 0.112653 0.668701 
0.284578 0.039780 0.042228 0.633415 
0.034706 0.108824 0.197059 0.659412 
0.100000 0.042373 0.220904 0.636723 
0.228261 0.049771 0.089817 0.632151 
0.303404 0.059272 0.032277 0.605047 
0.226019 0.055755 0.072542 0.645683 
0.031737 0.071826 0.251114 0.645323 
0.031773 0.122074 0.148829 0.697324 
0.029876 0.038895 0.293687 0.637542 
0.037806 0.111289 0.231629 0.619276 
0.183010 0.039339 0.151083 0.626568 
0.049650 0.049650 0.250584 0.650117 
0.147841 0.037099 0.193245 0.621816 
0.266234 0.034829 0.063164 0.635773 
0.032759 0.045402 0.285632 0.636207 
0.080700 0.248871 0.017494 0.652935 
0.045655 0.063256 0.274477 0.616612 
0.226627 0.097633 0.040828 0.634911 
0.220801 0.062848 0.063960 0.652392 
0.197470 0.054455 0.108361 0.639714 
0.051149 0.047701 0.272989 0.628161 
0.030835 0.325901 0.013757 0.629507 
0.043327 0.172809 0.087151 0.696713 
0.072571 0.074857 0.215429 0.637143 
0.104726 0.233620 0.030612 0.631042 
0.052255 0.076458 0.244774 0.626513 
0.078077 0.058428 0.187694 0.675801 
0.133298 0.094310 0.114331 0.658061 
0.288762 0.032778 0.036941 0.641519 
0.275549 0.093123 0.103629 0.527698 
0.046926 0.046926 0.277778 0.628371 
0.147584 0.078256 0.117122 0.657038 
0.066492 0.020419 0.275916 0.637173 
0.190909 0.082888 0.101070 0.625134 
0.257981 0.028321 0.084964 0.628733 
0.025739 0.034502 0.288609 0.651150 
0.046990 0.059662 0.225449 0.667899 
0.037707 0.091426 0.220558 0.650310 
0.036354 0.089041 0.222866 0.651739 
0.198608 0.071199 0.077623 0.652570 
0.035788 0.055498 0.265041 0.643672 
0.034266 0.070946 0.242761 0.652027 
0.041581 0.303388 0.038501 0.616530 
0.192013 0.025711 0.117615 0.664661 
0.632039 0.116828 0.208091 0.043042 
0.026480 0.044133 0.296469 0.632918 
0.154738 0.114415 0.045867 0.684980 
0.067771 0.142068 0.139056 0.651104 
0.164079 0.047101 0.157867 0.630952 
0.134134 0.200939 0.036013 0.628914 
0.216426 0.042872 0.087293 0.653409 
0.035643 0.065763 0.263554 0.635040 
0.037020 0.151359 0.129803 0.681818 
0.159020 0.068300 0.112096 0.660584 
0.029201 0.040471 0.258709 0.671619 
0.027947 0.254573 0.062500 0.654980 
0.100095 0.122865 0.105787 0.671252 
0.295980 0.027638 0.053769 0.622613 
0.195281 0.040663 0.110944 0.653112 
0.217456 0.037968 0.077416 0.667160 
0.297392 0.034604 0.063691 0.604313 
0.114646 0.017677 0.236869 0.630808 
0.282854 0.055955 0.026181 0.635010 
0.225318 0.071848 0.089443 0.613392 
0.032038 0.079307 0.249475 0.639181 
0.279310 0.067488 0.018227 0.634975 
0.260770 0.051787 0.048121 0.639322 
0.065596 0.284862 0.024312 0.625229 
0.231959 0.031396 0.083880 0.652765 
0.051152 0.105530 0.151613 0.691705 
0.033857 0.067223 0.248773 0.650147 
0.221235 0.023854 0.111787 0.643124 
0.034851 0.289498 0.023699 0.651952 
0.338306 0.019731 0.037055 0.604909 
0.103302 0.034434 0.167453 0.694811 
0.131649 0.112145 0.123670 0.632535 
0.191518 0.154911 0.025446 0.628125 
0.042948 0.064647 0.255425 0.636980 
0.042021 0.031634 0.272427 0.653919 
0.263281 0.069432 0.037745 0.629543 
0.212466 0.030482 0.083258 0.673794 
0.212795 0.038566 0.083938 0.664701 
0.235530 0.046750 0.051202 0.666518 
0.297742 0.056914 0.045626 0.599718 
0.099558 0.029646 0.218142 0.652655 
0.057623 0.049456 0.220054 0.672868 
0.051270 0.046733 0.231851 0.670145 
0.059116 0.031137 0.269404 0.640343 
0.179817 0.039452 0.101744 0.678987 
0.031307 0.034029 0.278131 0.656534 
0.098066 0.084254 0.190147 0.627532 
0.164634 0.025797 0.171201 0.638368 
0.266320 0.061968 0.030747 0.640965 
0.026386 0.043381 0.264311 0.665921 
0.031934 0.202537 0.097550 0.667979 
0.067471 0.056747 0.220286 0.655496 
0.065969 0.075978 0.182439 0.675614 
0.195180 0.037335 0.071361 0.696125 
0.124697 0.135997 0.073043 0.666263 
0.052653 0.314694 0.017551 0.615102 
0.068141 0.037455 0.281137 0.613267 
0.292969 0.036892 0.058594 0.611545 
0.285320 0.033544 0.030387 0.650750 
0.044830 0.085218 0.188611 0.681341 
0.046446 0.081987 0.181341 0.690226 
0.087935 0.108326 0.163551 0.640187 
0.110612 0.057551 0.171020 0.660816 
0.043132 0.040620 0.251675 0.664573 
0.196893 0.156591 0.023929 0.622586 
0.058799 0.056297 0.247289 0.637615 
0.023357 0.109660 0.214964 0.652019 
0.159128 0.039885 0.150082 0.650905 
0.043083 0.223320 0.047826 0.685771 
0.032244 0.064058 0.253224 0.650473 
0.019903 0.079204 0.253859 0.647035 
0.087457 0.045648 0.214590 0.652304 
0.139789 0.042545 0.169773 0.647893 
0.070385 0.112692 0.129615 0.687308 
0.028355 0.144169 0.234425 0.593051 
0.267146 0.045301 0.060542 0.627011 
0.084725 0.044658 0.197412 0.673205 
0.035575 0.077013 0.195074 0.692338 
0.183404 0.140851 0.037872 0.637872 
0.127418 0.046678 0.157696 0.668209 
0.051625 0.209025 0.050181 0.689170 
0.103743 0.150936 0.104557 0.640765 
0.015012 0.085835 0.222094 0.677059 
0.139789 0.196307 0.023738 0.640166 
0.174119 0.125107 0.036543 0.664230 
0.032768 0.289514 0.046646 0.631072 
0.036875 0.034496 0.268438 0.660190 
0.271090 0.093251 0.572503 0.063155 
0.261236 0.072632 0.021268 0.644864 
0.204435 0.085887 0.056855 0.652823 
0.105989 0.184791 0.057920 0.651300 
0.194444 0.110709 0.073671 0.621176 
0.199590 0.124180 0.047951 0.628279 
0.210246 0.103689 0.050410 0.635656 
0.080964 0.082543 0.197867 0.638626 
0.100527 0.068901 0.185617 0.644955 
0.036594 0.087319 0.211957 0.664130 
0.211163 0.031616 0.133880 0.623341 
0.080192 0.057280 0.213969 0.648559 
0.026224 0.124126 0.145804 0.703846 
0.191644 0.061119 0.096340 0.650898 
0.166794 0.079008 0.062977 0.691221 
0.128110 0.079018 0.109953 0.682919 
0.088721 0.052802 0.234555 0.623922 
0.304251 0.057424 0.035850 0.602475 
0.168286 0.157876 0.028105 0.645732 
0.104462 0.122167 0.122875 0.650496 
0.057706 0.035591 0.257429 0.649274 
0.220579 0.050953 0.083826 0.644642 
0.018432 0.235590 0.120979 0.625000 
0.042180 0.223830 0.039101 0.694889 
0.017038 0.195063 0.145688 0.642211 
0.201861 0.059371 0.077343 0.661425 
0.328030 0.021327 0.018619 0.632024 
0.152232 0.092938 0.082278 0.672552 
0.308573 0.025851 0.029777 0.635798 
0.288575 0.035128 0.040381 0.635916 
0.026117 0.186595 0.112335 0.674953 
0.269604 0.071825 0.041985 0.616586 
0.032928 0.062340 0.232417 0.672315 
0.171021 0.042224 0.109052 0.677704 
0.100903 0.031915 0.229852 0.637331 
0.079015 0.082214 0.173704 0.665067 
0.140656 0.088197 0.130820 0.640328 
0.048927 0.067235 0.236427 0.647412 
0.102905 0.198084 0.018850 0.680161 
0.050241 0.057461 0.194043 0.698255 
0.205680 0.135144 0.037765 0.621411 
0.231520 0.038734 0.038734 0.691011 
0.046211 0.310850 0.014064 0.628875 
0.119740 0.180384 0.052290 0.647587 
0.041739 0.067070 0.220207 0.670984 
0.161952 0.150982 0.031467 0.655600 
0.076025 0.130695 0.128417 0.664863 
0.041041 0.073230 0.184818 0.700912 
0.039740 0.186234 0.121818 0.652208 
0.026131 0.066002 0.233028 0.674838 
0.244510 0.049009 0.050080 0.656401 
0.042873 0.038504 0.259148 0.659476 
0.058941 0.045843 0.234909 0.660308 
0.089685 0.191819 0.025661 0.692835 
0.182259 0.081860 0.056760 0.679122 
0.244992 0.083649 0.046291 0.625068 
0.024002 0.143759 0.123042 0.709197 
0.021695 0.882902 0.039224 0.056178 
0.016167 0.149719 0.136598 0.697516 
0.110076 0.036020 0.193703 0.660202 
0.045909 0.126784 0.145814 0.681494 
0.125810 0.035127 0.191081 0.647982 
0.031830 0.066416 0.246867 0.654887 
0.187146 0.057734 0.234205 0.520915 
0.051515 0.080420 0.185781 0.682284 
0.200050 0.107338 0.059246 0.633366 
0.238873 0.102983 0.026278 0.631866 
0.033458 0.157315 0.104946 0.704281 
0.253864 0.075227 0.042500 0.628409 
0.025680 0.037972 0.261853 0.674495 
0.077693 0.093018 0.111324 0.717965 
0.006259 0.006259 0.006259 0.981222 
0.189379 0.057515 0.091182 0.661924 
0.100742 0.066955 0.151422 0.680882 
0.038167 0.302228 0.013331 0.646275 
0.017547 0.328384 0.014462 0.639607 
0.381829 0.009674 0.011950 0.596548 
0.215485 0.089366 0.018470 0.676679 
0.030826 0.046724 0.257270 0.665180 
0.018924 0.284201 0.058160 0.638715 
0.068045 0.056734 0.192117 0.683104 
0.091426 0.202307 0.062156 0.644112 
0.037212 0.115210 0.171108 0.676471 
0.253528 0.047424 0.054644 0.644404 
0.027884 0.180732 0.095161 0.696223 
0.038374 0.163268 0.086519 0.711838 
0.169027 0.077369 0.077111 0.676493 
