0.337349 0.144578 0.216867 0.180723 0.120482 
0.206897 0.390805 0.114943 0.137931 0.149425 
0.216867 0.265060 0.216867 0.144578 0.156627 
0.193182 0.147727 0.295455 0.238636 0.125000 
0.264368 0.218391 0.195402 0.149425 0.172414 
0.173077 0.134615 0.173077 0.423077 0.096154 
0.175824 0.131868 0.395604 0.142857 0.153846 
0.198020 0.217822 0.188119 0.287129 0.108911 
0.333333 0.279570 0.139785 0.129032 0.118280 
0.270270 0.117117 0.360360 0.162162 0.090090 
0.352941 0.184874 0.193277 0.184874 0.084034 
0.227723 0.138614 0.227723 0.277228 0.128713 
0.230769 0.102564 0.418803 0.136752 0.111111 
0.272727 0.373737 0.121212 0.131313 0.101010 
0.198347 0.438017 0.115702 0.099174 0.148760 
0.196262 0.130841 0.130841 0.401869 0.140187 
0.142857 0.084034 0.546218 0.142857 0.084034 
0.163793 0.103448 0.146552 0.491379 0.094828 
0.162162 0.162162 0.135135 0.432432 0.108108 
0.243478 0.173913 0.295652 0.200000 0.086957 
0.240741 0.111111 0.157407 0.398148 0.092593 
0.160714 0.160714 0.160714 0.401786 0.116071 
0.170940 0.444444 0.136752 0.145299 0.102564 
0.172414 0.155172 0.137931 0.448276 0.086207 
0.196078 0.196078 0.196078 0.196078 0.215686 
0.196078 0.196078 0.196078 0.196078 0.215686 
0.310924 0.210084 0.151261 0.210084 0.117647 
0.166667 0.491667 0.091667 0.125000 0.125000 
0.158333 0.466667 0.108333 0.141667 0.125000 
0.201681 0.168067 0.168067 0.352941 0.109244 
0.355372 0.198347 0.181818 0.165289 0.099174 
0.188034 0.324786 0.162393 0.222222 0.102564 
0.344828 0.172414 0.155172 0.232759 0.094828 
0.130435 0.104348 0.104348 0.495652 0.165217 
0.167939 0.099237 0.251908 0.396947 0.083969 
0.270677 0.127820 0.383459 0.135338 0.082707 
0.319672 0.188525 0.147541 0.188525 0.155738 
0.162602 0.105691 0.178862 0.414634 0.138211 
0.219178 0.164384 0.136986 0.260274 0.219178 
0.134921 0.158730 0.174603 0.428571 0.103175 
0.147541 0.172131 0.131148 0.434426 0.114754 
0.213675 0.102564 0.376068 0.170940 0.136752 
0.291971 0.094891 0.153285 0.386861 0.072993 
0.592308 0.084615 0.138462 0.092308 0.092308 
0.169231 0.084615 0.515385 0.100000 0.130769 
0.434109 0.116279 0.217054 0.155039 0.077519 
0.246154 0.115385 0.423077 0.100000 0.115385 
0.378788 0.234848 0.143939 0.151515 0.090909 
0.223881 0.373134 0.201493 0.089552 0.111940 
0.217391 0.086957 0.188406 0.405797 0.101449 
0.098684 0.381579 0.171053 0.263158 0.085526 
0.271429 0.314286 0.121429 0.207143 0.085714 
0.330709 0.196850 0.149606 0.236220 0.086614 
0.322835 0.181102 0.133858 0.267717 0.094488 
0.173913 0.108696 0.340580 0.268116 0.108696 
0.160584 0.211679 0.167883 0.321168 0.138686 
0.213235 0.161765 0.220588 0.330882 0.073529 
0.542636 0.093023 0.155039 0.093023 0.116279 
0.245614 0.131579 0.201754 0.245614 0.175439 
0.152174 0.268116 0.086957 0.398551 0.094203 
0.157480 0.181102 0.141732 0.425197 0.094488 
0.380000 0.300000 0.126667 0.120000 0.073333 
0.272727 0.440559 0.076923 0.139860 0.069930 
0.224000 0.144000 0.264000 0.208000 0.160000 
0.250000 0.335714 0.200000 0.100000 0.114286 
0.130435 0.246377 0.260870 0.181159 0.181159 
0.181208 0.550336 0.093960 0.087248 0.087248 
0.308824 0.213235 0.183824 0.205882 0.088235 
0.170213 0.141844 0.234043 0.375887 0.078014 
0.183673 0.122449 0.204082 0.387755 0.102041 
0.141026 0.576923 0.108974 0.083333 0.089744 
0.264706 0.132353 0.139706 0.389706 0.073529 
0.213793 0.117241 0.268966 0.268966 0.131034 
0.311258 0.317881 0.125828 0.092715 0.152318 
0.357616 0.238411 0.152318 0.112583 0.139073 
0.123457 0.512346 0.080247 0.203704 0.080247 
0.157895 0.105263 0.398496 0.150376 0.187970 
0.165563 0.112583 0.278146 0.370861 0.072848 
0.145985 0.080292 0.299270 0.328467 0.145985 
0.146667 0.186667 0.126667 0.460000 0.080000 
0.322368 0.078947 0.414474 0.092105 0.092105 
0.156863 0.137255 0.137255 0.147059 0.421569 
0.119205 0.178808 0.238411 0.390728 0.072848 
0.134328 0.216418 0.111940 0.440299 0.097015 
0.129032 0.120968 0.104839 0.500000 0.145161 
0.177419 0.129032 0.403226 0.088710 0.201613 
0.212766 0.489362 0.141844 0.085106 0.070922 
0.113475 0.141844 0.177305 0.453901 0.113475 
0.155280 0.086957 0.211180 0.453416 0.093168 
0.165517 0.137931 0.213793 0.379310 0.103448 
0.270833 0.111111 0.104167 0.416667 0.097222 
0.239521 0.131737 0.323353 0.221557 0.083832 
0.289017 0.115607 0.161850 0.358382 0.075145 
0.470199 0.185430 0.165563 0.092715 0.086093 
0.110345 0.200000 0.082759 0.455172 0.151724 
0.137255 0.202614 0.222222 0.359477 0.078431 
0.132867 0.153846 0.139860 0.475524 0.097902 
0.155405 0.148649 0.121622 0.479730 0.094595 
0.139860 0.104895 0.160839 0.517483 0.076923 
0.115385 0.217949 0.121795 0.442308 0.102564 
0.118750 0.075000 0.237500 0.506250 0.062500 
0.133333 0.093333 0.500000 0.093333 0.180000 
0.225434 0.479769 0.057803 0.167630 0.069364 
0.208633 0.172662 0.172662 0.302158 0.143885 
0.132867 0.153846 0.132867 0.468531 0.111888 
0.135294 0.329412 0.323529 0.135294 0.076471 
0.186207 0.082759 0.524138 0.096552 0.110345 
0.135802 0.111111 0.370370 0.265432 0.117284 
0.112500 0.225000 0.131250 0.462500 0.068750 
0.116129 0.148387 0.103226 0.548387 0.083871 
0.385057 0.126437 0.304598 0.097701 0.086207 
0.232877 0.136986 0.280822 0.184932 0.164384 
0.235632 0.074713 0.120690 0.511494 0.057471 
0.348993 0.073826 0.181208 0.328859 0.067114 
0.116505 0.116505 0.194175 0.203883 0.368932 
0.161111 0.483333 0.138889 0.150000 0.066667 
0.162651 0.289157 0.102410 0.373494 0.072289 
0.609467 0.088757 0.159763 0.076923 0.065089 
0.277778 0.308642 0.216049 0.111111 0.086420 
0.147651 0.496644 0.120805 0.100671 0.134228 
0.145695 0.132450 0.152318 0.483444 0.086093 
0.217391 0.118012 0.273292 0.322981 0.068323 
0.128655 0.099415 0.239766 0.473684 0.058480 
0.167742 0.109677 0.187097 0.393548 0.141935 
0.261628 0.174419 0.098837 0.401163 0.063953 
0.086957 0.206522 0.141304 0.505435 0.059783 
0.577143 0.080000 0.148571 0.125714 0.068571 
0.079755 0.079755 0.705521 0.073620 0.061350 
0.368715 0.262570 0.128492 0.184358 0.055866 
0.162651 0.192771 0.138554 0.409639 0.096386 
0.152439 0.121951 0.347561 0.292683 0.085366 
0.134503 0.502924 0.070175 0.210526 0.081871 
0.271084 0.415663 0.108434 0.096386 0.108434 
0.111111 0.111111 0.128655 0.578947 0.070175 
0.145349 0.180233 0.093023 0.505814 0.075581 
0.193333 0.093333 0.400000 0.220000 0.093333 
0.226744 0.360465 0.139535 0.209302 0.063953 
0.237500 0.287500 0.162500 0.162500 0.150000 
0.288235 0.388235 0.076471 0.188235 0.058824 
0.210526 0.111111 0.438596 0.128655 0.111111 
0.129630 0.166667 0.148148 0.481481 0.074074 
0.115385 0.153846 0.108974 0.519231 0.102564 
0.275000 0.162500 0.306250 0.100000 0.156250 
0.205714 0.160000 0.251429 0.274286 0.108571 
0.222798 0.176166 0.202073 0.341969 0.056995 
0.259669 0.359116 0.104972 0.204420 0.071823 
0.348958 0.338542 0.078125 0.171875 0.062500 
0.142012 0.165680 0.130178 0.461538 0.100592 
0.098522 0.497537 0.108374 0.226601 0.068966 
0.234568 0.141975 0.129630 0.419753 0.074074 
0.586854 0.126761 0.084507 0.150235 0.051643 
0.128655 0.116959 0.245614 0.415205 0.093567 
0.276596 0.132979 0.223404 0.308511 0.058511 
0.140449 0.112360 0.308989 0.359551 0.078652 
0.142077 0.103825 0.142077 0.524590 0.087432 
0.246377 0.420290 0.101449 0.178744 0.053140 
0.445026 0.099476 0.157068 0.214660 0.083770 
0.140244 0.085366 0.542683 0.079268 0.152439 
0.109195 0.120690 0.103448 0.591954 0.074713 
0.190476 0.137566 0.349206 0.222222 0.100529 
0.160920 0.172414 0.172414 0.362069 0.132184 
0.207447 0.484043 0.090426 0.127660 0.090426 
0.164557 0.088608 0.183544 0.417722 0.145570 
0.148352 0.379121 0.104396 0.302198 0.065934 
0.202247 0.106742 0.505618 0.112360 0.073034 
0.427027 0.243243 0.156757 0.102703 0.070270 
0.130890 0.560209 0.151832 0.078534 0.078534 
0.141593 0.451327 0.207965 0.150442 0.048673 
0.170330 0.082418 0.510989 0.109890 0.126374 
0.256831 0.426230 0.092896 0.136612 0.087432 
0.275281 0.101124 0.359551 0.151685 0.112360 
0.101604 0.096257 0.197861 0.508021 0.096257 
0.174603 0.068783 0.174603 0.523810 0.058201 
0.189349 0.076923 0.142012 0.497041 0.094675 
0.178378 0.124324 0.140541 0.481081 0.075676 
0.135870 0.097826 0.184783 0.456522 0.125000 
0.116959 0.163743 0.146199 0.473684 0.099415 
0.091371 0.695431 0.065990 0.096447 0.050761 
0.157303 0.089888 0.224719 0.466292 0.061798 
0.166667 0.133333 0.108333 0.166667 0.425000 
0.293023 0.358140 0.074419 0.204651 0.069767 
0.311224 0.132653 0.112245 0.392857 0.051020 
0.090909 0.119318 0.119318 0.602273 0.068182 
0.289100 0.502370 0.075829 0.052133 0.080569 
0.217172 0.510101 0.095960 0.106061 0.070707 
0.601010 0.075758 0.146465 0.121212 0.055556 
0.284974 0.088083 0.440415 0.098446 0.088083 
0.066298 0.204420 0.193370 0.469613 0.066298 
0.068966 0.674877 0.064039 0.137931 0.054187 
0.160804 0.537688 0.090452 0.155779 0.055276 
0.255435 0.184783 0.309783 0.163043 0.086957 
0.143564 0.257426 0.099010 0.440594 0.059406 
0.212871 0.475248 0.074257 0.168317 0.069307 
0.253659 0.136585 0.092683 0.463415 0.053659 
0.139303 0.124378 0.134328 0.542289 0.059701 
0.123711 0.082474 0.582474 0.123711 0.087629 
0.162304 0.167539 0.183246 0.424084 0.062827 
0.100457 0.607306 0.063927 0.150685 0.077626 
0.099057 0.688679 0.070755 0.080189 0.061321 
0.115385 0.137363 0.225275 0.384615 0.137363 
0.263682 0.179104 0.318408 0.094527 0.144279 
0.130435 0.096618 0.135266 0.536232 0.101449 
0.091371 0.116751 0.142132 0.502538 0.147208 
0.138462 0.153846 0.092308 0.548718 0.066667 
0.224299 0.313084 0.074766 0.336449 0.051402 
0.137931 0.147783 0.295567 0.334975 0.083744 
0.063415 0.604878 0.087805 0.156098 0.087805 
0.043668 0.777293 0.061135 0.065502 0.052402 
0.584821 0.084821 0.160714 0.098214 0.071429 
0.328358 0.417910 0.104478 0.084577 0.064677 
0.158824 0.200000 0.335294 0.188235 0.117647 
0.120192 0.110577 0.110577 0.596154 0.062500 
0.117925 0.141509 0.155660 0.528302 0.056604 
0.354167 0.135417 0.312500 0.125000 0.072917 
0.291480 0.363229 0.116592 0.174888 0.053812 
0.250000 0.171296 0.074074 0.458333 0.046296 
0.434555 0.136126 0.094241 0.183246 0.151832 
0.122549 0.313725 0.102941 0.411765 0.049020 
0.282051 0.066667 0.123077 0.471795 0.056410 
0.331633 0.086735 0.209184 0.295918 0.076531 
0.101010 0.131313 0.272727 0.383838 0.111111 
0.082126 0.198068 0.082126 0.589372 0.048309 
0.434555 0.104712 0.125654 0.178010 0.157068 
0.156250 0.169643 0.138393 0.406250 0.129464 
0.146341 0.204878 0.180488 0.365854 0.102439 
0.497738 0.104072 0.230769 0.113122 0.054299 
0.207447 0.079787 0.090426 0.515957 0.106383 
0.209524 0.238095 0.142857 0.333333 0.076190 
0.289855 0.169082 0.318841 0.135266 0.086957 
0.109589 0.127854 0.091324 0.607306 0.063927 
0.312500 0.394231 0.100962 0.062500 0.129808 
0.106952 0.101604 0.491979 0.160428 0.139037 
0.397436 0.132479 0.299145 0.106838 0.064103 
0.472340 0.123404 0.251064 0.106383 0.046809 
0.220588 0.107843 0.122549 0.475490 0.073529 
0.221622 0.118919 0.297297 0.189189 0.172973 
0.273632 0.194030 0.139303 0.293532 0.099502 
0.075117 0.093897 0.516432 0.164319 0.150235 
0.176471 0.151961 0.245098 0.299020 0.127451 
0.102041 0.122449 0.362245 0.301020 0.112245 
0.524017 0.100437 0.135371 0.179039 0.061135 
0.256522 0.347826 0.143478 0.069565 0.182609 
0.104839 0.629032 0.100806 0.080645 0.084677 
0.162037 0.129630 0.092593 0.500000 0.115741 
0.096154 0.153846 0.067308 0.567308 0.115385 
0.384977 0.215962 0.131455 0.215962 0.051643 
0.142857 0.096939 0.193878 0.500000 0.066327 
0.182692 0.100962 0.471154 0.100962 0.144231 
0.263158 0.072368 0.151316 0.072368 0.440789 
0.131818 0.090909 0.372727 0.340909 0.063636 
0.157143 0.071429 0.447619 0.228571 0.095238 
0.184332 0.152074 0.069124 0.479263 0.115207 
0.242718 0.237864 0.237864 0.101942 0.179612 
0.261905 0.109524 0.219048 0.323810 0.085714 
0.134615 0.134615 0.490385 0.173077 0.067308 
0.130435 0.159420 0.140097 0.483092 0.086957 
0.161074 0.181208 0.114094 0.067114 0.476510 
0.236364 0.168182 0.186364 0.345455 0.063636 
0.112069 0.202586 0.103448 0.534483 0.047414 
0.468619 0.171548 0.150628 0.154812 0.054393 
0.123932 0.102564 0.239316 0.465812 0.068376 
0.125000 0.475962 0.076923 0.211538 0.110577 
0.535088 0.087719 0.175439 0.105263 0.096491 
0.097872 0.212766 0.187234 0.361702 0.140426 
0.228972 0.158879 0.341121 0.158879 0.112150 
0.130435 0.121739 0.104348 0.573913 0.069565 
0.325581 0.181395 0.153488 0.269767 0.069767 
0.245455 0.322727 0.177273 0.145455 0.109091 
0.146552 0.181034 0.112069 0.512931 0.047414 
0.098131 0.182243 0.252336 0.401869 0.065421 
0.070093 0.168224 0.070093 0.644860 0.046729 
0.119266 0.243119 0.100917 0.440367 0.096330 
0.176136 0.107955 0.210227 0.221591 0.284091 
0.243119 0.105505 0.449541 0.123853 0.077982 
0.270642 0.114679 0.431193 0.110092 0.073394 
0.081395 0.298450 0.065891 0.503876 0.050388 
0.191388 0.090909 0.177033 0.440191 0.100478 
0.488688 0.285068 0.085973 0.063348 0.076923 
0.216450 0.164502 0.398268 0.147186 0.073593 
0.216814 0.119469 0.141593 0.393805 0.128319 
0.128571 0.095238 0.338095 0.276190 0.161905 
0.113924 0.156118 0.160338 0.510549 0.059072 
0.454976 0.075829 0.322275 0.066351 0.080569 
0.140351 0.412281 0.078947 0.307018 0.061404 
0.255814 0.106977 0.483721 0.102326 0.051163 
0.357143 0.090476 0.361905 0.076190 0.114286 
0.137778 0.155556 0.177778 0.431111 0.097778 
0.122271 0.117904 0.148472 0.545852 0.065502 
0.129187 0.196172 0.296651 0.162679 0.215311 
0.296610 0.093220 0.406780 0.152542 0.050847 
0.497778 0.231111 0.093333 0.124444 0.053333 
0.117647 0.081448 0.135747 0.592760 0.072398 
0.185950 0.086777 0.334711 0.342975 0.049587 
0.175966 0.064378 0.210300 0.446352 0.103004 
0.192140 0.096070 0.301310 0.344978 0.065502 
0.175610 0.268293 0.087805 0.390244 0.078049 
0.204724 0.078740 0.181102 0.173228 0.362205 
0.140000 0.093333 0.260000 0.073333 0.433333 
0.628000 0.088000 0.160000 0.068000 0.056000 
0.355932 0.127119 0.101695 0.372881 0.042373 
0.179167 0.154167 0.170833 0.433333 0.062500 
0.132701 0.075829 0.336493 0.360190 0.094787 
0.061321 0.235849 0.080189 0.566038 0.056604 
0.096070 0.161572 0.069869 0.598253 0.074236 
0.117424 0.685606 0.064394 0.090909 0.041667 
0.152838 0.358079 0.187773 0.200873 0.100437 
0.490909 0.086364 0.281818 0.059091 0.081818 
0.576779 0.172285 0.086142 0.097378 0.067416 
0.144578 0.120482 0.136546 0.542169 0.056225 
0.141593 0.610619 0.075221 0.088496 0.084071 
0.122807 0.144737 0.100877 0.574561 0.057018 
0.411504 0.331858 0.141593 0.057522 0.057522 
0.241379 0.348659 0.118774 0.233716 0.057471 
0.160338 0.118143 0.075949 0.582278 0.063291 
0.164751 0.390805 0.053640 0.318008 0.072797 
0.114155 0.082192 0.579909 0.086758 0.136986 
0.111628 0.060465 0.176744 0.562791 0.088372 
0.639831 0.080508 0.080508 0.156780 0.042373 
0.210784 0.147059 0.098039 0.441176 0.102941 
0.222930 0.089172 0.133758 0.101911 0.452229 
0.163180 0.087866 0.104603 0.527197 0.117155 
0.051095 0.791971 0.043796 0.069343 0.043796 
0.470588 0.180995 0.158371 0.140271 0.049774 
0.119835 0.169421 0.202479 0.409091 0.099174 
0.507752 0.178295 0.186047 0.058140 0.069767 
0.129167 0.208333 0.179167 0.420833 0.062500 
0.164062 0.109375 0.226562 0.441406 0.058594 
0.494071 0.221344 0.110672 0.059289 0.114625 
0.239631 0.364055 0.165899 0.133641 0.096774 
0.081897 0.314655 0.176724 0.362069 0.064655 
0.210300 0.171674 0.223176 0.304721 0.090129 
0.308300 0.086957 0.134387 0.415020 0.055336 
0.148551 0.557971 0.057971 0.181159 0.054348 
0.179389 0.099237 0.129771 0.538168 0.053435 
0.167364 0.066946 0.213389 0.472803 0.079498 
0.133603 0.165992 0.319838 0.255061 0.125506 
0.081633 0.473469 0.114286 0.273469 0.057143 
0.478261 0.126482 0.256917 0.083004 0.055336 
0.152672 0.446565 0.129771 0.183206 0.087786 
0.058824 0.797794 0.047794 0.044118 0.051471 
0.078261 0.139130 0.186957 0.513043 0.082609 
0.134921 0.666667 0.055556 0.075397 0.067460 
0.127490 0.067729 0.653386 0.059761 0.091633 
0.269531 0.066406 0.101562 0.519531 0.042969 
0.112613 0.391892 0.099099 0.256757 0.139640 
0.217949 0.282051 0.256410 0.166667 0.076923 
0.167442 0.134884 0.167442 0.358140 0.172093 
0.179856 0.107914 0.143885 0.107914 0.460432 
0.189076 0.084034 0.218487 0.411765 0.096639 
0.176724 0.142241 0.116379 0.426724 0.137931 
0.612457 0.179931 0.079585 0.089965 0.038062 
0.074205 0.713781 0.060071 0.095406 0.056537 
0.161654 0.349624 0.063910 0.372180 0.052632 
0.200000 0.166667 0.096296 0.485185 0.051852 
0.117409 0.097166 0.238866 0.473684 0.072874 
0.171533 0.291971 0.087591 0.405109 0.043796 
0.200000 0.158333 0.408333 0.137500 0.095833 
0.113281 0.152344 0.128906 0.554688 0.050781 
0.145749 0.080972 0.157895 0.558704 0.056680 
0.114458 0.084337 0.084337 0.246988 0.469880 
0.209016 0.483607 0.073770 0.163934 0.069672 
0.120536 0.147321 0.464286 0.191964 0.075893 
0.109589 0.068493 0.219178 0.089041 0.513699 
0.114943 0.120690 0.149425 0.086207 0.528736 
0.185714 0.182143 0.114286 0.471429 0.046429 
0.038462 0.807692 0.032051 0.060897 0.060897 
0.385455 0.221818 0.069091 0.287273 0.036364 
0.438735 0.071146 0.312253 0.075099 0.102767 
0.306513 0.126437 0.195402 0.264368 0.107280 
0.106164 0.575342 0.133562 0.150685 0.034247 
0.088462 0.307692 0.076923 0.469231 0.057692 
0.649446 0.114391 0.140221 0.059041 0.036900 
0.150794 0.079365 0.472222 0.190476 0.107143 
0.100806 0.108871 0.254032 0.463710 0.072581 
0.222930 0.082803 0.140127 0.070064 0.484076 
0.073801 0.660517 0.055351 0.147601 0.062731 
0.118519 0.151852 0.255556 0.403704 0.070370 
0.177305 0.141844 0.074468 0.549645 0.056738 
0.201365 0.232082 0.068259 0.460751 0.037543 
0.325926 0.381481 0.059259 0.185185 0.048148 
0.114625 0.134387 0.134387 0.509881 0.106719 
0.549815 0.247232 0.073801 0.070111 0.059041 
0.405594 0.185315 0.118881 0.241259 0.048951 
0.187726 0.357401 0.057762 0.361011 0.036101 
0.250000 0.161017 0.250000 0.288136 0.050847 
0.132616 0.458781 0.075269 0.272401 0.060932 
0.126394 0.182156 0.111524 0.513011 0.066914 
0.253676 0.455882 0.091912 0.154412 0.044118 
0.155235 0.299639 0.111913 0.389892 0.043321 
0.163522 0.150943 0.088050 0.081761 0.515723 
0.575163 0.117647 0.163399 0.098039 0.045752 
0.154386 0.066667 0.547368 0.122807 0.108772 
0.551095 0.135036 0.091241 0.069343 0.153285 
0.115079 0.384921 0.186508 0.186508 0.126984 
0.118705 0.125899 0.187050 0.471223 0.097122 
0.185965 0.554386 0.091228 0.129825 0.038596 
0.069231 0.076923 0.107692 0.688462 0.057692 
0.083333 0.071429 0.220238 0.065476 0.559524 
0.167300 0.387833 0.231939 0.125475 0.087452 
0.108000 0.120000 0.104000 0.580000 0.088000 
0.098485 0.178030 0.071970 0.587121 0.064394 
0.098540 0.120438 0.569343 0.083942 0.127737 
0.089888 0.101124 0.134831 0.140449 0.533708 
0.073801 0.143911 0.099631 0.616236 0.066421 
0.089219 0.148699 0.092937 0.613383 0.055762 
0.302839 0.261830 0.160883 0.214511 0.059937 
0.078125 0.164062 0.089844 0.613281 0.054688 
0.143939 0.295455 0.079545 0.401515 0.079545 
0.106719 0.173913 0.181818 0.482213 0.055336 
0.132203 0.244068 0.054237 0.535593 0.033898 
0.132616 0.082437 0.121864 0.612903 0.050179 
0.112676 0.084507 0.098592 0.267606 0.436620 
0.387205 0.417508 0.097643 0.057239 0.040404 
0.189655 0.063218 0.149425 0.068966 0.528736 
0.100746 0.093284 0.067164 0.656716 0.082090 
0.130597 0.108209 0.048507 0.630597 0.082090 
0.138329 0.466859 0.083573 0.268012 0.043228 
0.221818 0.243636 0.174545 0.276364 0.083636 
0.149837 0.570033 0.084691 0.133550 0.061889 
0.175115 0.165899 0.161290 0.064516 0.433180 
0.059028 0.625000 0.052083 0.229167 0.034722 
0.754601 0.092025 0.064417 0.042945 0.046012 
0.127660 0.117021 0.141844 0.567376 0.046099 
0.065934 0.087912 0.087912 0.269231 0.489011 
0.167883 0.149635 0.474453 0.109489 0.098540 
0.406557 0.167213 0.265574 0.108197 0.052459 
0.181132 0.316981 0.113208 0.241509 0.147170 
0.101083 0.166065 0.083032 0.545126 0.104693 
0.408922 0.449814 0.040892 0.055762 0.044610 
0.274368 0.064982 0.353791 0.245487 0.061372 
0.575862 0.058621 0.182759 0.044828 0.137931 
0.685185 0.092593 0.055556 0.100000 0.066667 
0.194079 0.184211 0.177632 0.401316 0.042763 
0.392857 0.365079 0.138889 0.051587 0.051587 
0.669145 0.092937 0.092937 0.078067 0.066914 
0.086142 0.108614 0.142322 0.558052 0.104869 
0.453287 0.166090 0.200692 0.134948 0.044983 
0.244186 0.120155 0.372093 0.108527 0.155039 
0.184932 0.325342 0.318493 0.102740 0.068493 
0.491039 0.261649 0.114695 0.064516 0.068100 
0.484663 0.159509 0.214724 0.082822 0.058282 
0.125828 0.139073 0.178808 0.152318 0.403974 
0.193182 0.530303 0.068182 0.090909 0.117424 
0.060498 0.661922 0.049822 0.156584 0.071174 
0.118033 0.347541 0.163934 0.334426 0.036066 
0.123967 0.140496 0.371901 0.157025 0.206612 
0.246006 0.520767 0.086262 0.057508 0.089457 
0.086792 0.109434 0.098113 0.615094 0.090566 
0.301003 0.438127 0.083612 0.090301 0.086957 
0.091463 0.115854 0.158537 0.225610 0.408537 
0.111111 0.066667 0.227778 0.066667 0.527778 
0.239437 0.059859 0.355634 0.264085 0.080986 
0.078873 0.774648 0.047887 0.045070 0.053521 
0.102473 0.522968 0.081272 0.215548 0.077739 
0.075342 0.198630 0.065068 0.595890 0.065068 
0.084871 0.095941 0.169742 0.520295 0.129151 
0.107784 0.101796 0.197605 0.065868 0.526946 
0.183673 0.071429 0.086735 0.107143 0.551020 
0.105590 0.509317 0.052795 0.257764 0.074534 
0.100000 0.730000 0.063333 0.073333 0.033333 
0.150685 0.229452 0.109589 0.445205 0.065068 
0.141447 0.128289 0.470395 0.210526 0.049342 
0.072100 0.755486 0.043887 0.062696 0.065831 
0.110738 0.077181 0.164430 0.597315 0.050336 
0.505017 0.294314 0.080268 0.070234 0.050167 
0.431438 0.304348 0.090301 0.137124 0.036789 
0.226277 0.058394 0.481752 0.051095 0.182482 
0.098101 0.424051 0.088608 0.316456 0.072785 
0.550000 0.143333 0.146667 0.053333 0.106667 
0.144654 0.119497 0.163522 0.113208 0.459119 
0.197080 0.062044 0.441606 0.226277 0.072993 
0.334448 0.204013 0.167224 0.234114 0.060201 
0.077419 0.077419 0.251613 0.070968 0.522581 
0.444444 0.129630 0.175926 0.148148 0.101852 
0.150000 0.055556 0.077778 0.172222 0.544444 
0.051613 0.793548 0.041935 0.048387 0.064516 
0.090426 0.074468 0.138298 0.154255 0.542553 
0.149091 0.181818 0.269091 0.272727 0.127273 
0.340426 0.148936 0.063830 0.358663 0.088146 
0.157609 0.114130 0.086957 0.097826 0.543478 
0.129944 0.073446 0.056497 0.225989 0.514124 
0.078767 0.743151 0.058219 0.044521 0.075342 
0.089474 0.215789 0.063158 0.078947 0.552632 
0.077320 0.051546 0.242268 0.072165 0.556701 
0.107345 0.062147 0.271186 0.096045 0.463277 
0.210884 0.408163 0.166667 0.085034 0.129252 
0.279605 0.286184 0.072368 0.319079 0.042763 
0.192810 0.084967 0.369281 0.281046 0.071895 
0.544343 0.137615 0.064220 0.137615 0.116208 
0.108571 0.325714 0.080000 0.108571 0.377143 
0.175258 0.082474 0.092784 0.567010 0.082474 
0.114943 0.091954 0.212644 0.091954 0.488506 
0.575472 0.160377 0.150943 0.062893 0.050314 
0.565972 0.131944 0.128472 0.076389 0.097222 
0.493789 0.180124 0.161491 0.121118 0.043478 
0.198083 0.118211 0.121406 0.520767 0.041534 
0.125402 0.491961 0.064309 0.286174 0.032154 
0.222951 0.127869 0.393443 0.216393 0.039344 
0.194595 0.172973 0.086486 0.064865 0.481081 
0.080420 0.094406 0.101399 0.636364 0.087413 
0.298246 0.105263 0.152047 0.383041 0.061404 
0.069204 0.107266 0.629758 0.069204 0.124567 
0.185976 0.137195 0.073171 0.573171 0.030488 
0.114379 0.058824 0.611111 0.120915 0.094771 
0.058065 0.790323 0.041935 0.045161 0.064516 
0.363095 0.449405 0.041667 0.113095 0.032738 
0.078947 0.671053 0.082237 0.134868 0.032895 
0.453216 0.076023 0.394737 0.043860 0.032164 
0.231293 0.238095 0.224490 0.166667 0.139456 
0.223837 0.087209 0.081395 0.555233 0.052326 
0.200692 0.086505 0.145329 0.470588 0.096886 
0.101449 0.170290 0.239130 0.405797 0.083333 
0.194030 0.298507 0.159204 0.079602 0.268657 
0.507886 0.201893 0.097792 0.091483 0.100946 
0.129288 0.680739 0.076517 0.087071 0.026385 
0.064626 0.115646 0.071429 0.676871 0.071429 
0.107692 0.097436 0.061538 0.235897 0.497436 
0.360140 0.080420 0.370629 0.090909 0.097902 
0.197368 0.161184 0.296053 0.197368 0.148026 
0.096463 0.138264 0.128617 0.569132 0.067524 
0.067633 0.101449 0.222222 0.096618 0.512077 
0.093407 0.115385 0.087912 0.269231 0.434066 
0.348910 0.056075 0.277259 0.264798 0.052960 
0.165017 0.125413 0.099010 0.557756 0.052805 
0.136667 0.163333 0.133333 0.510000 0.056667 
0.329231 0.187692 0.116923 0.280000 0.086154 
0.527211 0.108844 0.200680 0.098639 0.064626 
0.188732 0.625352 0.081690 0.064789 0.039437 
0.080000 0.126667 0.080000 0.353333 0.360000 
0.065934 0.076923 0.142857 0.214286 0.500000 
0.055814 0.069767 0.227907 0.111628 0.534884 
0.137124 0.093645 0.304348 0.381271 0.083612 
0.553797 0.158228 0.098101 0.079114 0.110759 
0.236246 0.161812 0.177994 0.330097 0.093851 
0.115274 0.239193 0.178674 0.432277 0.034582 
0.076667 0.093333 0.316667 0.460000 0.053333 
0.297297 0.162162 0.150150 0.330330 0.060060 
0.150307 0.343558 0.085890 0.346626 0.073620 
0.508333 0.152778 0.208333 0.072222 0.058333 
0.102439 0.053659 0.312195 0.073171 0.458537 
0.157635 0.093596 0.142857 0.064039 0.541872 
0.160883 0.056782 0.378549 0.280757 0.123028 
0.223565 0.271903 0.141994 0.253776 0.108761 
0.169435 0.378738 0.136213 0.242525 0.073090 
0.148837 0.088372 0.120930 0.083721 0.558140 
0.109756 0.112805 0.265244 0.411585 0.100610 
0.080906 0.122977 0.074434 0.647249 0.074434 
0.078704 0.074074 0.097222 0.217593 0.532407 
0.127660 0.093617 0.165957 0.059574 0.553191 
0.077844 0.781437 0.050898 0.053892 0.035928 
0.112392 0.126801 0.599424 0.074928 0.086455 
0.128125 0.462500 0.121875 0.234375 0.053125 
0.191824 0.270440 0.286164 0.141509 0.110063 
0.514045 0.269663 0.098315 0.064607 0.053371 
0.155488 0.073171 0.393293 0.304878 0.073171 
0.055394 0.781341 0.049563 0.058309 0.055394 
0.186335 0.127329 0.099379 0.521739 0.065217 
0.144615 0.147692 0.113846 0.538462 0.055385 
0.121140 0.660333 0.042755 0.133017 0.042755 
0.073620 0.128834 0.079755 0.625767 0.092025 
0.076687 0.125767 0.070552 0.641104 0.085890 
0.431953 0.153846 0.130178 0.233728 0.050296 
0.065116 0.093023 0.093023 0.213953 0.534884 
0.114370 0.700880 0.052786 0.090909 0.041056 
0.108696 0.143478 0.091304 0.091304 0.565217 
0.133663 0.084158 0.173267 0.118812 0.490099 
0.110619 0.092920 0.194690 0.079646 0.522124 
0.182663 0.278638 0.074303 0.331269 0.133127 
0.156566 0.075758 0.131313 0.090909 0.545455 
0.126263 0.111111 0.090909 0.161616 0.510101 
0.090090 0.126126 0.067568 0.220721 0.495495 
0.123762 0.084158 0.158416 0.163366 0.470297 
0.240196 0.088235 0.058824 0.098039 0.514706 
0.188034 0.072650 0.094017 0.102564 0.542735 
0.148148 0.069444 0.115741 0.115741 0.550926 
0.181081 0.681081 0.045946 0.056757 0.035135 
0.169591 0.157895 0.128655 0.418129 0.125731 
0.065341 0.573864 0.113636 0.190341 0.056818 
0.092593 0.123457 0.163580 0.543210 0.077160 
0.126074 0.123209 0.512894 0.171920 0.065903 
0.234756 0.292683 0.237805 0.164634 0.070122 
0.700787 0.099738 0.110236 0.047244 0.041995 
0.156977 0.110465 0.287791 0.375000 0.069767 
0.314103 0.099359 0.320513 0.102564 0.163462 
0.072961 0.060086 0.197425 0.141631 0.527897 
0.241590 0.134557 0.412844 0.134557 0.076453 
0.327731 0.100840 0.190476 0.302521 0.078431 
0.640351 0.087719 0.166667 0.038012 0.067251 
0.079208 0.054455 0.247525 0.089109 0.529703 
0.068493 0.638356 0.057534 0.200000 0.035616 
0.154303 0.272997 0.083086 0.436202 0.053412 
0.421652 0.396011 0.079772 0.059829 0.042735 
0.084211 0.105263 0.300000 0.084211 0.426316 
0.068421 0.073684 0.263158 0.084211 0.510526 
0.100304 0.097264 0.583587 0.121581 0.097264 
0.348910 0.168224 0.158879 0.211838 0.112150 
0.192810 0.232026 0.114379 0.316993 0.143791 
0.083851 0.167702 0.124224 0.565217 0.059006 
0.577215 0.187342 0.111392 0.088608 0.035443 
0.120000 0.188571 0.131429 0.457143 0.102857 
0.111111 0.134259 0.134259 0.069444 0.550926 
0.209302 0.063953 0.194767 0.424419 0.107558 
0.220833 0.112500 0.079167 0.054167 0.533333 
0.097561 0.164634 0.216463 0.435976 0.085366 
0.165079 0.238095 0.279365 0.165079 0.152381 
0.050296 0.171598 0.062130 0.674556 0.041420 
0.609375 0.114583 0.127604 0.114583 0.033854 
0.246809 0.080851 0.076596 0.059574 0.536170 
0.099526 0.056872 0.255924 0.066351 0.521327 
0.082192 0.608219 0.068493 0.197260 0.043836 
0.098214 0.165179 0.102679 0.066964 0.566964 
0.075949 0.050633 0.291139 0.059072 0.523207 
0.256684 0.048128 0.470588 0.131016 0.093583 
0.220472 0.065617 0.139108 0.543307 0.031496 
0.087866 0.066946 0.230126 0.083682 0.531381 
0.090652 0.059490 0.192635 0.560907 0.096317 
0.227621 0.248082 0.235294 0.219949 0.069054 
0.341398 0.360215 0.051075 0.177419 0.069892 
0.086364 0.059091 0.159091 0.177273 0.518182 
0.165432 0.706173 0.041975 0.061728 0.024691 
0.122616 0.043597 0.678474 0.043597 0.111717 
0.197581 0.157258 0.060484 0.052419 0.532258 
0.065116 0.083721 0.293023 0.069767 0.488372 
0.065104 0.138021 0.679688 0.078125 0.039062 
0.065789 0.118421 0.175439 0.074561 0.565789 
0.057522 0.070796 0.269912 0.066372 0.535398 
0.114613 0.260745 0.103152 0.435530 0.085960 
0.120172 0.047210 0.145923 0.158798 0.527897 
0.087719 0.099415 0.494152 0.219298 0.099415 
0.114537 0.066079 0.211454 0.070485 0.537445 
0.130058 0.104046 0.488439 0.167630 0.109827 
0.081633 0.065306 0.097959 0.228571 0.526531 
0.128358 0.056716 0.438806 0.200000 0.176119 
0.155303 0.140152 0.106061 0.079545 0.518939 
0.744472 0.046683 0.113022 0.061425 0.034398 
0.129121 0.719780 0.046703 0.046703 0.057692 
0.132964 0.080332 0.448753 0.293629 0.044321 
0.134615 0.068681 0.120879 0.598901 0.076923 
0.095455 0.140909 0.109091 0.122727 0.531818 
0.227273 0.520455 0.102273 0.115909 0.034091 
0.204327 0.432692 0.134615 0.189904 0.038462 
0.322581 0.198925 0.091398 0.354839 0.032258 
0.527578 0.297362 0.071942 0.071942 0.031175 
0.142857 0.067227 0.168067 0.075630 0.546218 
0.498747 0.067669 0.253133 0.082707 0.097744 
0.361244 0.248804 0.098086 0.246411 0.045455 
0.091633 0.067729 0.187251 0.071713 0.581673 
0.047431 0.051383 0.292490 0.079051 0.529644 
0.080000 0.057778 0.266667 0.115556 0.480000 
0.268473 0.522167 0.061576 0.103448 0.044335 
0.209677 0.284946 0.284946 0.110215 0.110215 
0.096330 0.068807 0.123853 0.229358 0.481651 
0.160305 0.618321 0.043257 0.137405 0.040712 
0.395631 0.097087 0.298544 0.150485 0.058252 
0.320611 0.218830 0.076336 0.356234 0.027990 
0.207349 0.131234 0.107612 0.503937 0.049869 
0.685714 0.178022 0.050549 0.048352 0.037363 
0.120000 0.080000 0.188000 0.056000 0.556000 
0.200837 0.071130 0.054393 0.112971 0.560669 
0.084388 0.071730 0.168776 0.130802 0.544304 
0.414918 0.403263 0.095571 0.048951 0.037296 
0.142857 0.060606 0.129870 0.086580 0.580087 
0.060241 0.273092 0.064257 0.096386 0.506024 
0.105042 0.105042 0.130252 0.067227 0.592437 
0.120690 0.147783 0.330049 0.327586 0.073892 
0.643045 0.123360 0.049869 0.060367 0.123360 
0.074380 0.239669 0.070248 0.078512 0.537190 
0.356265 0.130221 0.083538 0.363636 0.066339 
0.167526 0.355670 0.216495 0.224227 0.036082 
0.056995 0.279793 0.049223 0.523316 0.090674 
0.558685 0.241784 0.044601 0.037559 0.117371 
0.140162 0.102426 0.199461 0.471698 0.086253 
0.118367 0.200000 0.102041 0.053061 0.526531 
0.095238 0.055556 0.063492 0.218254 0.567460 
0.090129 0.055794 0.094421 0.201717 0.557940 
0.370455 0.502273 0.052273 0.045455 0.029545 
0.162983 0.071823 0.226519 0.441989 0.096685 
0.152738 0.095101 0.391931 0.285303 0.074928 
0.093023 0.062016 0.104651 0.182171 0.558140 
0.068548 0.084677 0.076613 0.225806 0.544355 
0.074419 0.153488 0.167442 0.102326 0.502326 
0.178824 0.216471 0.294118 0.258824 0.051765 
0.069333 0.354667 0.050667 0.453333 0.072000 
0.571776 0.260341 0.043796 0.051095 0.072993 
0.478149 0.293059 0.056555 0.146530 0.025707 
0.052055 0.189041 0.235616 0.410959 0.112329 
0.081301 0.065041 0.048780 0.247967 0.556911 
0.114815 0.281481 0.237037 0.074074 0.292593 
0.427184 0.383495 0.082524 0.053398 0.053398 
0.101961 0.058824 0.133333 0.113725 0.592157 
0.149485 0.286082 0.077320 0.417526 0.069588 
0.059322 0.072034 0.135593 0.224576 0.508475 
0.243842 0.064039 0.096059 0.564039 0.032020 
0.060185 0.092593 0.337963 0.078704 0.430556 
0.069212 0.742243 0.062053 0.097852 0.028640 
0.191489 0.079787 0.454787 0.140957 0.132979 
0.201058 0.066138 0.452381 0.145503 0.134921 
0.117647 0.168449 0.171123 0.433155 0.109626 
0.477833 0.344828 0.051724 0.073892 0.051724 
0.109756 0.109756 0.490244 0.156098 0.134146 
0.595238 0.257143 0.066667 0.040476 0.040476 
0.048980 0.040816 0.322449 0.057143 0.530612 
0.061303 0.283525 0.049808 0.053640 0.551724 
0.080972 0.060729 0.218623 0.129555 0.510121 
0.069519 0.090909 0.636364 0.066845 0.136364 
0.478261 0.185355 0.155606 0.125858 0.054920 
0.230594 0.381279 0.070776 0.287671 0.029680 
0.162500 0.130000 0.222500 0.452500 0.032500 
0.078067 0.111524 0.096654 0.159851 0.553903 
0.129921 0.181102 0.043307 0.090551 0.555118 
0.081712 0.070039 0.136187 0.143969 0.568093 
0.078189 0.045267 0.255144 0.065844 0.555556 
0.082353 0.698824 0.030588 0.160000 0.028235 
0.073801 0.055351 0.088561 0.217712 0.564576 
0.098655 0.726457 0.044843 0.051570 0.078475 
0.280269 0.578475 0.053812 0.062780 0.024664 
0.044218 0.295918 0.057823 0.051020 0.551020 
0.098765 0.061728 0.205761 0.078189 0.555556 
0.098113 0.184906 0.094340 0.083019 0.539623 
0.050980 0.047059 0.050980 0.278431 0.572549 
0.075949 0.059072 0.088608 0.274262 0.502110 
0.317907 0.523139 0.046278 0.092555 0.020121 
0.166667 0.179293 0.073232 0.494949 0.085859 
0.094170 0.103139 0.130045 0.206278 0.466368 
0.453961 0.085653 0.342612 0.079229 0.038544 
0.122137 0.226463 0.106870 0.432570 0.111959 
0.081841 0.219949 0.071611 0.483376 0.143223 
0.337292 0.415677 0.071259 0.118765 0.057007 
0.112727 0.152727 0.076364 0.120000 0.538182 
0.065455 0.069091 0.069091 0.236364 0.560000 
0.177243 0.216630 0.085339 0.483589 0.037199 
0.085973 0.104072 0.217195 0.104072 0.488688 
0.046404 0.605568 0.067285 0.204176 0.076566 
0.137787 0.686848 0.091858 0.039666 0.043841 
0.072414 0.075862 0.144828 0.158621 0.548276 
0.106464 0.163498 0.110266 0.102662 0.517110 
0.098361 0.090164 0.110656 0.221311 0.479508 
0.121864 0.093190 0.064516 0.150538 0.569892 
0.265347 0.607921 0.055446 0.045545 0.025743 
0.241050 0.424821 0.140811 0.145585 0.047733 
0.192157 0.105882 0.070588 0.070588 0.560784 
0.080292 0.040146 0.058394 0.240876 0.580292 
0.195489 0.109023 0.071429 0.082707 0.541353 
0.118852 0.135246 0.081967 0.155738 0.508197 
0.191964 0.120536 0.147321 0.098214 0.441964 
0.141089 0.042079 0.534653 0.205446 0.076733 
0.490654 0.373832 0.046729 0.056075 0.032710 
0.054280 0.774530 0.037578 0.102296 0.031315 
0.097847 0.129159 0.405088 0.309198 0.058708 
0.053571 0.096429 0.082143 0.214286 0.553571 
0.166667 0.049242 0.151515 0.049242 0.583333 
0.076159 0.139073 0.059603 0.129139 0.596026 
0.093897 0.112676 0.185446 0.523474 0.084507 
0.348235 0.150588 0.131765 0.296471 0.072941 
0.165138 0.121560 0.236239 0.449541 0.027523 
0.069853 0.235294 0.055147 0.069853 0.569853 
0.090487 0.139211 0.487239 0.164733 0.118329 
0.101215 0.105263 0.060729 0.255061 0.477733 
0.076046 0.068441 0.121673 0.216730 0.517110 
0.166667 0.056818 0.128788 0.049242 0.598485 
0.109929 0.074468 0.170213 0.046099 0.599291 
0.052529 0.828794 0.033074 0.044747 0.040856 
0.124402 0.124402 0.181818 0.452153 0.117225 
0.136792 0.120283 0.195755 0.485849 0.061321 
0.127413 0.061776 0.185328 0.088803 0.536680 
0.062914 0.294702 0.052980 0.039735 0.549669 
0.051661 0.236162 0.066421 0.136531 0.509225 
0.120000 0.080000 0.477647 0.178824 0.143529 
0.207031 0.054688 0.085938 0.074219 0.578125 
0.149826 0.125436 0.069686 0.076655 0.578397 
0.571125 0.078556 0.201699 0.104034 0.044586 
0.325843 0.271910 0.202247 0.159551 0.040449 
0.168182 0.159091 0.034091 0.577273 0.061364 
0.202847 0.131673 0.049822 0.074733 0.540925 
0.140221 0.158672 0.095941 0.084871 0.520295 
0.067729 0.071713 0.131474 0.223108 0.505976 
0.071429 0.456633 0.081633 0.326531 0.063776 
0.129921 0.220472 0.090551 0.062992 0.496063 
0.107937 0.168254 0.053968 0.088889 0.580952 
0.056410 0.089744 0.087179 0.658974 0.107692 
0.070513 0.275641 0.044872 0.067308 0.541667 
0.511435 0.261954 0.120582 0.060291 0.045738 
0.088685 0.113150 0.256881 0.048930 0.492355 
0.074246 0.331787 0.046404 0.466357 0.081206 
0.122936 0.686239 0.089908 0.075229 0.025688 
0.081858 0.057522 0.601770 0.148230 0.110619 
0.108527 0.178295 0.050388 0.158915 0.503876 
0.114286 0.078571 0.507143 0.135714 0.164286 
0.094156 0.275974 0.058442 0.051948 0.519481 
0.083624 0.076655 0.055749 0.233449 0.550523 
0.075397 0.079365 0.111111 0.198413 0.535714 
0.104247 0.092664 0.173745 0.077220 0.552124 
0.090253 0.061372 0.194946 0.090253 0.563177 
0.114907 0.226708 0.037267 0.071429 0.549689 
0.043478 0.145963 0.055901 0.177019 0.577640 
0.079422 0.061372 0.234657 0.064982 0.559567 
0.620408 0.146939 0.069388 0.124490 0.038776 
0.136029 0.106618 0.080882 0.062500 0.613971 
0.055556 0.070370 0.088889 0.244444 0.540741 
0.048936 0.759574 0.025532 0.108511 0.057447 
0.056391 0.093985 0.067669 0.263158 0.518797 
0.207668 0.115016 0.073482 0.057508 0.546326 
0.171488 0.223140 0.090909 0.469008 0.045455 
0.149466 0.060498 0.195730 0.064057 0.530249 
0.120724 0.092555 0.225352 0.507042 0.054326 
0.127726 0.149533 0.077882 0.071651 0.573209 
0.198397 0.452906 0.028056 0.298597 0.022044 
0.125532 0.038298 0.736170 0.034043 0.065957 
0.096386 0.094378 0.134538 0.622490 0.052209 
0.067138 0.049470 0.190813 0.159011 0.533569 
0.655242 0.223790 0.036290 0.034274 0.050403 
0.114625 0.071146 0.138340 0.130435 0.545455 
0.465721 0.059102 0.087470 0.219858 0.167849 
0.375519 0.095436 0.230290 0.232365 0.066390 
0.069620 0.079114 0.234177 0.034810 0.582278 
0.047619 0.080586 0.073260 0.263736 0.534799 
0.057143 0.196825 0.079365 0.092063 0.574603 
0.046358 0.043046 0.241722 0.076159 0.592715 
0.064725 0.064725 0.187702 0.090615 0.592233 
0.130531 0.190265 0.199115 0.402655 0.077434 
0.075388 0.197339 0.086475 0.583149 0.057650 
0.087838 0.114865 0.108108 0.097973 0.591216 
0.055556 0.035948 0.271242 0.058824 0.578431 
0.155932 0.064407 0.172881 0.057627 0.549153 
0.668561 0.160985 0.087121 0.047348 0.035985 
0.097264 0.158055 0.066869 0.063830 0.613982 
0.066901 0.059859 0.056338 0.228873 0.588028 
0.210753 0.148387 0.133333 0.466667 0.040860 
0.169892 0.251613 0.152688 0.305376 0.120430 
0.111111 0.052288 0.192810 0.062092 0.581699 
0.437255 0.333333 0.098039 0.107843 0.023529 
0.127615 0.075314 0.198745 0.502092 0.096234 
0.191638 0.083624 0.108014 0.080139 0.536585 
0.036630 0.831502 0.027473 0.054945 0.049451 
0.254355 0.059233 0.052265 0.052265 0.581882 
0.288703 0.196653 0.301255 0.154812 0.058577 
0.170833 0.170833 0.081250 0.495833 0.081250 
0.104822 0.331237 0.083857 0.417191 0.062893 
0.113793 0.131034 0.037931 0.124138 0.593103 
0.059289 0.814229 0.039526 0.037549 0.049407 
0.175258 0.037801 0.178694 0.051546 0.556701 
0.083591 0.105263 0.219814 0.046440 0.544892 
0.078689 0.075410 0.065574 0.183607 0.596721 
0.104651 0.116279 0.078488 0.159884 0.540698 
0.215933 0.104822 0.161426 0.469602 0.048218 
0.057143 0.120635 0.034921 0.158730 0.628571 
0.087719 0.070175 0.115789 0.147368 0.578947 
0.053691 0.040268 0.328859 0.063758 0.513423 
0.059006 0.201863 0.102484 0.090062 0.546584 
0.059603 0.056291 0.258278 0.049669 0.576159 
0.074675 0.259740 0.068182 0.045455 0.551948 
0.174757 0.126214 0.067961 0.042071 0.588997 
0.126280 0.153584 0.068259 0.078498 0.573379 
0.169884 0.415058 0.061776 0.320463 0.032819 
0.220307 0.249042 0.145594 0.323755 0.061303 
0.044266 0.810865 0.048290 0.044266 0.052314 
0.085034 0.047619 0.302721 0.061224 0.503401 
0.093548 0.064516 0.193548 0.045161 0.603226 
0.105442 0.081633 0.098639 0.081633 0.632653 
0.094771 0.111111 0.055556 0.150327 0.588235 
0.126280 0.054608 0.167235 0.088737 0.563140 
0.195833 0.185417 0.150000 0.400000 0.068750 
0.067616 0.053381 0.081851 0.284698 0.512456 
0.058480 0.061404 0.257310 0.043860 0.578947 
0.091778 0.657744 0.066922 0.160612 0.022945 
0.281046 0.045752 0.104575 0.035948 0.532680 
0.056478 0.049834 0.282392 0.066445 0.544850 
0.491071 0.387500 0.030357 0.035714 0.055357 
0.188867 0.151093 0.105368 0.508946 0.045726 
0.087591 0.091241 0.087591 0.229927 0.503650 
0.088235 0.078431 0.124183 0.101307 0.607843 
0.063953 0.116279 0.081395 0.162791 0.575581 
0.084746 0.071186 0.047458 0.267797 0.528814 
0.598790 0.254032 0.034274 0.040323 0.072581 
0.142361 0.090278 0.170139 0.104167 0.493056 
0.161616 0.144781 0.094276 0.050505 0.548822 
0.070796 0.791150 0.031858 0.033628 0.072566 
0.068182 0.042208 0.243506 0.068182 0.577922 
0.126214 0.061489 0.184466 0.093851 0.533981 
0.092943 0.784854 0.032702 0.060241 0.029260 
0.089783 0.065015 0.142415 0.092879 0.609907 
0.130548 0.172324 0.101828 0.046997 0.548303 
0.103226 0.067742 0.145161 0.067742 0.616129 
0.109615 0.294231 0.098077 0.446154 0.051923 
0.113636 0.084416 0.087662 0.165584 0.548701 
0.083095 0.080229 0.160458 0.094556 0.581662 
0.042904 0.039604 0.072607 0.287129 0.557756 
0.042904 0.033003 0.072607 0.290429 0.561056 
0.057927 0.051829 0.371951 0.045732 0.472561 
0.063187 0.184066 0.076923 0.087912 0.587912 
0.061093 0.038585 0.234727 0.048232 0.617363 
0.121302 0.032544 0.139053 0.127219 0.579882 
0.101351 0.074324 0.145270 0.050676 0.628378 
0.081560 0.074468 0.074468 0.283688 0.485816 
0.131965 0.108504 0.061584 0.085044 0.612903 
0.059701 0.092537 0.131343 0.143284 0.573134 
0.105919 0.193146 0.071651 0.077882 0.551402 
0.780220 0.113030 0.043956 0.023548 0.039246 
0.051282 0.683761 0.032479 0.189744 0.042735 
0.043478 0.052174 0.055072 0.284058 0.565217 
0.186691 0.088725 0.423290 0.227357 0.073937 
0.226640 0.123260 0.210736 0.337972 0.101392 
0.114187 0.148789 0.117647 0.089965 0.529412 
0.071207 0.040248 0.260062 0.055728 0.572755 
0.095975 0.139319 0.071207 0.111455 0.582043 
0.069486 0.057402 0.253776 0.036254 0.583082 
0.068852 0.075410 0.085246 0.242623 0.527869 
0.136264 0.195604 0.109890 0.452747 0.105495 
0.084084 0.123123 0.075075 0.135135 0.582583 
0.051988 0.039755 0.128440 0.201835 0.577982 
0.096948 0.676840 0.143627 0.039497 0.043088 
0.057325 0.044586 0.124204 0.226115 0.547771 
0.104839 0.114919 0.173387 0.552419 0.054435 
0.115385 0.109890 0.090659 0.074176 0.609890 
0.038462 0.151099 0.035714 0.123626 0.651099 
0.124601 0.121406 0.076677 0.086262 0.591054 
0.501818 0.154545 0.210909 0.089091 0.043636 
0.610811 0.257658 0.057658 0.055856 0.018018 
0.125000 0.062500 0.062500 0.246711 0.503289 
0.054381 0.090634 0.069486 0.247734 0.537764 
0.127976 0.125000 0.098214 0.083333 0.565476 
0.043988 0.032258 0.337243 0.049853 0.536657 
0.259194 0.605954 0.045534 0.052539 0.036778 
0.100865 0.216138 0.074928 0.069164 0.538905 
0.140127 0.047771 0.187898 0.082803 0.541401 
0.079038 0.054983 0.247423 0.092784 0.525773 
0.056022 0.042017 0.168067 0.168067 0.565826 
0.089172 0.038217 0.181529 0.095541 0.595541 
0.090164 0.049180 0.226776 0.040984 0.592896 
0.044910 0.053892 0.110778 0.242515 0.547904 
0.090301 0.033445 0.123746 0.214047 0.538462 
0.099715 0.048433 0.239316 0.051282 0.561254 
0.109589 0.058219 0.236301 0.109589 0.486301 
0.132132 0.051051 0.120120 0.108108 0.588589 
0.514431 0.137521 0.032258 0.293718 0.022071 
0.050000 0.133333 0.044444 0.147222 0.625000 
0.093506 0.236364 0.051948 0.085714 0.532468 
0.036932 0.036932 0.303977 0.045455 0.576705 
0.064067 0.091922 0.097493 0.108635 0.637883 
0.102339 0.049708 0.213450 0.064327 0.570175 
0.045198 0.048023 0.296610 0.053672 0.556497 
0.164634 0.042683 0.109756 0.103659 0.579268 
0.045977 0.054598 0.054598 0.267241 0.577586 
0.093458 0.109034 0.084112 0.143302 0.570093 
0.073077 0.044231 0.665385 0.088462 0.128846 
0.068768 0.100287 0.174785 0.057307 0.598854 
0.549165 0.148423 0.168831 0.083488 0.050093 
0.065617 0.165354 0.089239 0.078740 0.601050 
0.083333 0.209770 0.045977 0.071839 0.589080 
0.093750 0.236979 0.039062 0.039062 0.591146 
0.119461 0.213873 0.356455 0.215800 0.094412 
0.505804 0.349917 0.061360 0.039801 0.043118 
0.113346 0.131627 0.334552 0.325411 0.095064 
0.068966 0.045977 0.244253 0.040230 0.600575 
0.102094 0.086387 0.141361 0.065445 0.604712 
0.065714 0.091429 0.137143 0.145714 0.560000 
0.033520 0.083799 0.039106 0.220670 0.622905 
0.160000 0.091429 0.080000 0.074286 0.594286 
0.212476 0.684211 0.035088 0.048733 0.019493 
0.096875 0.059375 0.078125 0.218750 0.546875 
0.070225 0.047753 0.238764 0.047753 0.595506 
0.061162 0.039755 0.045872 0.293578 0.559633 
0.057576 0.057576 0.278788 0.057576 0.548485 
0.313559 0.076271 0.211864 0.347458 0.050847 
0.052174 0.034783 0.327536 0.037681 0.547826 
0.062657 0.052632 0.243108 0.050125 0.591479 
0.101754 0.714035 0.029825 0.056140 0.098246 
0.713568 0.090452 0.110553 0.050251 0.035176 
0.106195 0.081416 0.060177 0.614159 0.138053 
0.098765 0.067901 0.169753 0.083333 0.580247 
0.042373 0.220339 0.073446 0.053672 0.610169 
0.151408 0.202465 0.389085 0.207746 0.049296 
0.139085 0.216549 0.408451 0.184859 0.051056 
0.085890 0.101227 0.165644 0.085890 0.561350 
0.076087 0.271739 0.040761 0.051630 0.559783 
0.056047 0.053097 0.079646 0.235988 0.575221 
0.136126 0.188482 0.044503 0.044503 0.586387 
0.092262 0.157738 0.053571 0.136905 0.559524 
0.410687 0.430534 0.094656 0.035115 0.029008 
0.060345 0.235632 0.080460 0.083333 0.540230 
0.049231 0.067692 0.067692 0.267692 0.547692 
0.060109 0.650273 0.072860 0.176685 0.040073 
0.088757 0.127219 0.085799 0.100592 0.597633 
0.080537 0.083893 0.053691 0.241611 0.540268 
0.214925 0.068657 0.059701 0.086567 0.570149 
0.049180 0.153005 0.150273 0.051913 0.595628 
0.097484 0.044025 0.075472 0.245283 0.537736 
0.083333 0.086022 0.056452 0.131720 0.642473 
0.043956 0.038462 0.038462 0.307692 0.571429 
0.053050 0.061008 0.042440 0.188329 0.655172 
0.330420 0.069930 0.458042 0.036713 0.104895 
0.135501 0.168022 0.054201 0.070461 0.571816 
0.080519 0.098701 0.140260 0.111688 0.568831 
0.083551 0.148825 0.052219 0.109661 0.605744 
0.106509 0.071006 0.195266 0.056213 0.571006 
0.077143 0.048571 0.225714 0.040000 0.608571 
0.070234 0.157191 0.056856 0.167224 0.548495 
0.045181 0.060241 0.246988 0.108434 0.539157 
0.038251 0.207650 0.071038 0.076503 0.606557 
0.163511 0.168675 0.289157 0.318417 0.060241 
0.102102 0.057057 0.054054 0.198198 0.588589 
0.054795 0.213699 0.038356 0.079452 0.613699 
0.077364 0.048711 0.151862 0.106017 0.616046 
0.054264 0.167959 0.059432 0.118863 0.599483 
0.081301 0.208672 0.048780 0.037940 0.623306 
0.060694 0.219653 0.063584 0.080925 0.575145 
0.134771 0.059299 0.113208 0.061995 0.630728 
0.105114 0.088068 0.161932 0.068182 0.576705 
0.059347 0.044510 0.094955 0.237389 0.563798 
0.091176 0.067647 0.123529 0.100000 0.617647 
0.191136 0.077562 0.108033 0.063712 0.559557 
0.080692 0.040346 0.244957 0.066282 0.567723 
0.042929 0.146465 0.108586 0.108586 0.593434 
0.130058 0.121387 0.095376 0.049133 0.604046 
0.189286 0.426786 0.112500 0.158929 0.112500 
0.127877 0.084399 0.132992 0.081841 0.572890 
0.085227 0.096591 0.102273 0.139205 0.576705 
0.368836 0.250493 0.179487 0.049310 0.151874 
0.069307 0.168317 0.074257 0.071782 0.616337 
0.071429 0.032967 0.219780 0.107143 0.568681 
0.043716 0.038251 0.224044 0.106557 0.587432 
0.083544 0.060759 0.083544 0.394937 0.377215 
0.133144 0.079320 0.158640 0.050992 0.577904 
0.026596 0.029255 0.356383 0.037234 0.550532 
0.098765 0.138272 0.056790 0.081481 0.624691 
0.060694 0.046243 0.060694 0.231214 0.601156 
0.072829 0.047619 0.310924 0.100840 0.467787 
0.133721 0.049419 0.215116 0.049419 0.552326 
0.600000 0.055556 0.182540 0.138095 0.023810 
0.075067 0.048257 0.064343 0.243968 0.568365 
0.068966 0.034483 0.222812 0.031830 0.641910 
0.044568 0.050139 0.267409 0.052925 0.584958 
0.184987 0.144772 0.048257 0.032172 0.589812 
0.095890 0.128767 0.093151 0.082192 0.600000 
0.506897 0.193103 0.175862 0.079310 0.044828 
0.034091 0.056818 0.071023 0.278409 0.559659 
0.149832 0.629630 0.035354 0.144781 0.040404 
0.069519 0.061497 0.080214 0.171123 0.617647 
0.058496 0.086351 0.077994 0.169916 0.607242 
0.060526 0.052632 0.071053 0.226316 0.589474 
0.245856 0.063536 0.082873 0.041436 0.566298 
0.070270 0.043243 0.205405 0.056757 0.624324 
0.521538 0.338462 0.080000 0.024615 0.035385 
0.100817 0.079019 0.065395 0.226158 0.528610 
0.206540 0.123924 0.215146 0.370052 0.084337 
0.085960 0.106017 0.068768 0.234957 0.504298 
0.039548 0.036723 0.305085 0.036723 0.581921 
0.111429 0.051429 0.165714 0.045714 0.625714 
0.037534 0.050938 0.126005 0.201072 0.584450 
0.076923 0.076923 0.145889 0.071618 0.628647 
0.111446 0.075301 0.096386 0.126506 0.590361 
0.380795 0.087748 0.370861 0.110927 0.049669 
0.034121 0.044619 0.380577 0.052493 0.488189 
0.125926 0.064198 0.143210 0.051852 0.614815 
0.053191 0.114362 0.069149 0.188830 0.574468 
0.149425 0.054598 0.109195 0.117816 0.568966 
0.306349 0.433333 0.068254 0.157143 0.034921 
0.069825 0.057357 0.042394 0.234414 0.596010 
0.151685 0.132022 0.098315 0.078652 0.539326 
0.032995 0.050761 0.076142 0.241117 0.598985 
0.057637 0.043228 0.077810 0.216138 0.605187 
0.044818 0.053221 0.277311 0.072829 0.551821 
0.091864 0.047244 0.230971 0.041995 0.587927 
0.233846 0.396923 0.280000 0.044615 0.044615 
0.299120 0.041056 0.041056 0.046921 0.571848 
0.048913 0.092391 0.046196 0.236413 0.576087 
0.072414 0.084483 0.148276 0.648276 0.046552 
0.082474 0.036082 0.250000 0.043814 0.587629 
0.106101 0.042440 0.228117 0.055703 0.567639 
0.102632 0.057895 0.176316 0.071053 0.592105 
0.834225 0.053476 0.056150 0.034759 0.021390 
0.116216 0.110811 0.089189 0.067568 0.616216 
0.111111 0.073099 0.140351 0.096491 0.578947 
0.182421 0.049751 0.131012 0.605307 0.031509 
0.033981 0.298544 0.036408 0.036408 0.594660 
0.046117 0.310680 0.024272 0.029126 0.589806 
0.136842 0.034211 0.168421 0.063158 0.597368 
0.040609 0.230964 0.053299 0.088832 0.586294 
0.426202 0.356551 0.126036 0.071310 0.019900 
0.056098 0.036585 0.278049 0.070732 0.558537 
0.101562 0.041667 0.104167 0.151042 0.601562 
0.131234 0.065617 0.086614 0.128609 0.587927 
0.078167 0.037736 0.107817 0.207547 0.568733 
0.055703 0.037135 0.039788 0.310345 0.557029 
0.065163 0.157895 0.052632 0.185464 0.538847 
0.590909 0.204545 0.090909 0.072443 0.041193 
0.101010 0.065657 0.156566 0.073232 0.603535 
0.166667 0.158974 0.046154 0.033333 0.594872 
0.190391 0.350534 0.140569 0.087189 0.231317 
0.056373 0.137255 0.100490 0.112745 0.593137 
0.429498 0.329011 0.123177 0.100486 0.017828 
0.052239 0.057214 0.233831 0.054726 0.601990 
0.039164 0.044386 0.046997 0.250653 0.618799 
0.165865 0.156250 0.048077 0.043269 0.586538 
0.039216 0.031863 0.272059 0.044118 0.612745 
0.149083 0.091743 0.084862 0.043578 0.630734 
0.068796 0.078624 0.068796 0.211302 0.572482 
0.087500 0.042500 0.070000 0.195000 0.605000 
0.073980 0.061224 0.053571 0.211735 0.599490 
0.040670 0.126794 0.031100 0.284689 0.516746 
0.072500 0.097500 0.142500 0.072500 0.615000 
0.077889 0.125628 0.130653 0.095477 0.570352 
0.377522 0.161383 0.064841 0.364553 0.031700 
0.250000 0.207219 0.058824 0.446524 0.037433 
0.110849 0.030660 0.224057 0.033019 0.601415 
0.068249 0.056380 0.053412 0.278932 0.543027 
0.515337 0.213190 0.148773 0.101227 0.021472 
0.049096 0.113695 0.036176 0.237726 0.563307 
0.056995 0.031088 0.290155 0.038860 0.582902 
0.060759 0.065823 0.070886 0.156962 0.645570 
0.043478 0.217391 0.065217 0.074879 0.599034 
0.028509 0.184211 0.063596 0.083333 0.640351 
0.066313 0.058355 0.100796 0.217507 0.557029 
0.075916 0.091623 0.104712 0.112565 0.615183 
0.061538 0.043590 0.076923 0.228205 0.589744 
0.094293 0.047146 0.213400 0.064516 0.580645 
0.121419 0.740791 0.025921 0.084584 0.027285 
0.115090 0.117647 0.145780 0.056266 0.565217 
0.536474 0.262918 0.079027 0.106383 0.015198 
0.061785 0.073227 0.064073 0.176201 0.624714 
0.124413 0.084507 0.089202 0.086854 0.615023 
0.204706 0.075294 0.162353 0.134118 0.423529 
0.076531 0.066327 0.211735 0.094388 0.551020 
0.044289 0.027972 0.272727 0.041958 0.613054 
0.042986 0.036199 0.095023 0.226244 0.599548 
0.081146 0.064439 0.133652 0.083532 0.637232 
0.047896 0.737300 0.029028 0.119013 0.066763 
0.108173 0.213942 0.033654 0.052885 0.591346 
0.051402 0.301402 0.037383 0.028037 0.581776 
0.093458 0.088785 0.084112 0.158879 0.574766 
0.027957 0.240860 0.032258 0.068817 0.630108 
0.112088 0.219780 0.037363 0.048352 0.582418 
0.111111 0.082742 0.044917 0.139480 0.621749 
0.046005 0.123487 0.075061 0.128329 0.627119 
0.104762 0.092857 0.133333 0.059524 0.609524 
0.164800 0.160000 0.092800 0.556800 0.025600 
0.084135 0.050481 0.048077 0.247596 0.569712 
0.308333 0.126190 0.480952 0.039286 0.045238 
0.035941 0.302326 0.023256 0.040169 0.598309 
0.062954 0.142857 0.079903 0.079903 0.634383 
0.031963 0.045662 0.052511 0.278539 0.591324 
0.092199 0.061466 0.212766 0.054374 0.579196 
0.060847 0.863757 0.031746 0.021164 0.022487 
0.332005 0.460823 0.120850 0.051793 0.034529 
0.107981 0.025822 0.173709 0.082160 0.610329 
0.069284 0.032333 0.043880 0.251732 0.602771 
0.056000 0.099200 0.164800 0.643200 0.036800 
0.059952 0.103118 0.052758 0.237410 0.546763 
0.083333 0.078571 0.171429 0.050000 0.616667 
0.131841 0.062189 0.129353 0.057214 0.619403 
0.139168 0.064562 0.571019 0.208034 0.017217 
0.053165 0.146835 0.083544 0.139241 0.577215 
0.081146 0.042959 0.085919 0.212411 0.577566 
0.080097 0.065534 0.065534 0.250000 0.538835 
0.172113 0.148148 0.030501 0.037037 0.612200 
0.110795 0.528409 0.041193 0.288352 0.031250 
0.092784 0.067010 0.061856 0.216495 0.561856 
0.147971 0.107399 0.076372 0.057279 0.610979 
0.184652 0.134293 0.071942 0.038369 0.570743 
0.044118 0.046569 0.031863 0.286765 0.590686 
0.663212 0.058290 0.044041 0.217617 0.016839 
0.071429 0.048387 0.225806 0.085253 0.569124 
0.317013 0.534884 0.023256 0.082007 0.042840 
0.045131 0.059382 0.054632 0.273159 0.567696 
0.035242 0.149780 0.063877 0.110132 0.640969 
0.074699 0.171084 0.086747 0.048193 0.619277 
0.078189 0.226337 0.041152 0.043210 0.611111 
0.090535 0.213992 0.043210 0.043210 0.609053 
0.061224 0.027211 0.281179 0.049887 0.580499 
0.054893 0.042959 0.078759 0.243437 0.579952 
0.041769 0.031941 0.324324 0.031941 0.570025 
0.051402 0.067757 0.058411 0.235981 0.586449 
0.040476 0.076190 0.035714 0.250000 0.597619 
0.065817 0.025478 0.341826 0.027601 0.539278 
0.154013 0.197397 0.036876 0.045553 0.566161 
0.152709 0.056650 0.145320 0.032020 0.613300 
0.553041 0.212164 0.077793 0.142857 0.014144 
0.115385 0.056561 0.151584 0.065611 0.610860 
0.063043 0.121739 0.045652 0.167391 0.602174 
0.062212 0.069124 0.142857 0.101382 0.624424 
0.047945 0.734247 0.030137 0.127397 0.060274 
0.058904 0.739726 0.021918 0.120548 0.058904 
0.077859 0.051095 0.233577 0.053528 0.583942 
0.060465 0.069767 0.069767 0.206977 0.593023 
0.101235 0.054321 0.180247 0.093827 0.570370 
0.087591 0.060827 0.063260 0.209246 0.579075 
0.065678 0.040254 0.199153 0.072034 0.622881 
0.734257 0.113350 0.074307 0.051637 0.026448 
0.027211 0.047619 0.136054 0.201814 0.587302 
0.106667 0.113333 0.042222 0.106667 0.631111 
0.134091 0.045455 0.220455 0.040909 0.559091 
0.057604 0.232719 0.039171 0.059908 0.610599 
0.280488 0.102439 0.034146 0.056098 0.526829 
0.039171 0.057604 0.179724 0.154378 0.569124 
0.066667 0.293333 0.037778 0.028889 0.573333 
0.055928 0.060403 0.046980 0.217002 0.619687 
0.448980 0.028061 0.096939 0.030612 0.395408 
0.136771 0.038117 0.116592 0.118834 0.589686 
0.052192 0.035491 0.098121 0.215031 0.599165 
0.049412 0.084706 0.204706 0.082353 0.578824 
0.118721 0.114155 0.086758 0.066210 0.614155 
0.118026 0.060086 0.167382 0.060086 0.594421 
0.327846 0.141289 0.128944 0.281207 0.120713 
0.050926 0.055556 0.097222 0.203704 0.592593 
0.063158 0.103158 0.031579 0.208421 0.593684 
0.161702 0.068085 0.087234 0.048936 0.634043 
0.071895 0.047930 0.034858 0.228758 0.616558 
0.172414 0.107759 0.045259 0.043103 0.631466 
0.141892 0.056306 0.117117 0.060811 0.623874 
0.260181 0.031674 0.042986 0.065611 0.599548 
0.311050 0.077763 0.045020 0.473397 0.092769 
0.066508 0.061758 0.185273 0.066508 0.619952 
0.145299 0.072650 0.079060 0.076923 0.626068 
0.076372 0.038186 0.090692 0.200477 0.594272 
0.106426 0.074297 0.144578 0.062249 0.612450 
0.046563 0.237251 0.039911 0.124169 0.552106 
0.042889 0.036117 0.130926 0.198646 0.591422 
0.114865 0.051802 0.040541 0.182432 0.610360 
0.040733 0.211813 0.042770 0.109980 0.594705 
0.072495 0.117271 0.138593 0.063966 0.607676 
0.060215 0.107527 0.055914 0.152688 0.623656 
0.380952 0.117725 0.310847 0.140212 0.050265 
0.090517 0.071121 0.105603 0.056034 0.676724 
0.108352 0.060948 0.173815 0.038375 0.618510 
0.058394 0.075426 0.155718 0.155718 0.554745 
0.619469 0.255373 0.046776 0.035398 0.042984 
0.027027 0.282744 0.027027 0.022869 0.640333 
0.024096 0.078313 0.044177 0.230924 0.622490 
0.021467 0.348837 0.021467 0.028623 0.579606 
0.086172 0.120240 0.056112 0.122244 0.615230 
0.131640 0.041570 0.073903 0.196305 0.556582 
0.094660 0.084951 0.094660 0.150485 0.575243 
0.038697 0.040733 0.181263 0.140530 0.598778 
0.070248 0.039256 0.132231 0.177686 0.580579 
0.243733 0.317549 0.089136 0.267409 0.082173 
0.113734 0.049356 0.143777 0.034335 0.658798 
0.041667 0.070175 0.046053 0.265351 0.576754 
0.037611 0.053097 0.061947 0.276549 0.570796 
0.143162 0.036325 0.196581 0.055556 0.568376 
0.040486 0.042510 0.032389 0.301619 0.582996 
0.101695 0.785311 0.039548 0.030508 0.042938 
0.075758 0.043290 0.212121 0.041126 0.627706 
0.022541 0.116803 0.038934 0.186475 0.635246 
0.045738 0.182952 0.037422 0.110187 0.623701 
0.065854 0.048780 0.048780 0.268293 0.568293 
0.125253 0.030303 0.214141 0.026263 0.604040 
0.035789 0.063158 0.050526 0.248421 0.602105 
0.650754 0.130653 0.041457 0.030151 0.146985 
0.396226 0.059119 0.086792 0.431447 0.026415 
0.049383 0.051440 0.106996 0.197531 0.594650 
0.041667 0.032895 0.260965 0.105263 0.559211 
0.086580 0.051948 0.209957 0.060606 0.590909 
0.093361 0.039419 0.105809 0.188797 0.572614 
0.088353 0.044177 0.196787 0.038153 0.632530 
0.031434 0.076621 0.041257 0.212181 0.638507 
0.112583 0.024283 0.181015 0.048565 0.633554 
0.075789 0.035789 0.195789 0.077895 0.614737 
0.088300 0.048565 0.077263 0.172185 0.613687 
0.089109 0.126733 0.059406 0.100990 0.623762 
0.070213 0.076596 0.085106 0.174468 0.593617 
0.066277 0.228070 0.044834 0.062378 0.598441 
0.052632 0.192308 0.032389 0.107287 0.615385 
0.042254 0.046278 0.241449 0.034205 0.635815 
0.104701 0.044872 0.179487 0.068376 0.602564 
0.068826 0.036437 0.255061 0.038462 0.601215 
0.051440 0.041152 0.207819 0.109053 0.590535 
0.465000 0.053750 0.082500 0.381250 0.017500 
0.042146 0.160920 0.055556 0.103448 0.637931 
0.069767 0.052854 0.221987 0.044397 0.610994 
0.092050 0.140167 0.079498 0.071130 0.617155 
0.149284 0.055215 0.159509 0.042945 0.593047 
0.065817 0.040340 0.089172 0.208068 0.596603 
0.069977 0.045147 0.259594 0.049661 0.575621 
0.033333 0.088235 0.037255 0.174510 0.666667 
0.067941 0.089172 0.165605 0.059448 0.617834 
0.100000 0.038298 0.059574 0.172340 0.629787 
0.045752 0.074074 0.065359 0.254902 0.559913 
0.064815 0.064815 0.062500 0.215278 0.592593 
0.084168 0.112224 0.148297 0.052104 0.603206 
0.130252 0.067227 0.186975 0.035714 0.579832 
0.047297 0.038288 0.051802 0.286036 0.576577 
0.060362 0.078471 0.074447 0.175050 0.611670 
0.053533 0.059957 0.068522 0.211991 0.605996 
0.085253 0.027650 0.124424 0.175115 0.587558 
0.025292 0.033074 0.326848 0.042802 0.571984 
0.025743 0.089109 0.027723 0.225743 0.631683 
0.282051 0.038462 0.044872 0.034188 0.600427 
0.037924 0.087824 0.115768 0.173653 0.584830 
0.581509 0.069343 0.108273 0.222628 0.018248 
0.070342 0.060837 0.108365 0.144487 0.615970 
0.040598 0.055556 0.070513 0.250000 0.583333 
0.105033 0.043764 0.221007 0.043764 0.586433 
0.219688 0.613445 0.042017 0.052821 0.072029 
0.124731 0.034409 0.154839 0.068817 0.617204 
0.052529 0.027237 0.289883 0.027237 0.603113 
0.086869 0.117172 0.163636 0.048485 0.583838 
0.253829 0.041575 0.054705 0.045952 0.603939 
0.039773 0.312500 0.032197 0.026515 0.589015 
0.056751 0.035225 0.279843 0.025440 0.602740 
0.127907 0.201550 0.025194 0.027132 0.618217 
0.055914 0.064516 0.079570 0.240860 0.559140 
0.038536 0.040462 0.040462 0.254335 0.626204 
0.028169 0.082495 0.032193 0.205231 0.651911 
0.049091 0.154545 0.054545 0.114545 0.627273 
0.074144 0.146388 0.171103 0.022814 0.585551 
0.037951 0.263757 0.024668 0.058824 0.614801 
0.040404 0.028283 0.242424 0.058586 0.630303 
0.068182 0.082645 0.035124 0.216942 0.597107 
0.051975 0.116424 0.222453 0.085239 0.523909 
0.053232 0.036122 0.296578 0.047529 0.566540 
0.021314 0.305506 0.017762 0.028419 0.626998 
0.032755 0.100193 0.034682 0.194605 0.637765 
0.110417 0.047917 0.179167 0.087500 0.575000 
0.044444 0.070707 0.070707 0.220202 0.593939 
0.060797 0.023061 0.062893 0.241090 0.612159 
0.070076 0.037879 0.041667 0.227273 0.623106 
0.034000 0.092000 0.066000 0.226000 0.582000 
0.078351 0.065979 0.088660 0.138144 0.628866 
0.211132 0.046065 0.149712 0.024952 0.568138 
0.083810 0.190476 0.104762 0.062857 0.558095 
0.067073 0.038618 0.054878 0.247967 0.591463 
0.084270 0.170412 0.054307 0.052434 0.638577 
0.036511 0.048682 0.028398 0.281947 0.604462 
0.035398 0.359292 0.019469 0.019469 0.566372 
0.117958 0.075704 0.077465 0.109155 0.619718 
0.445757 0.151450 0.087003 0.271751 0.044039 
0.029520 0.238007 0.062731 0.071956 0.597786 
0.125468 0.224719 0.035581 0.029963 0.584270 
0.043152 0.131332 0.071295 0.110694 0.643527 
0.052419 0.046371 0.068548 0.243952 0.588710 
0.064078 0.029126 0.264078 0.029126 0.613592 
0.088803 0.034749 0.210425 0.065637 0.600386 
0.043152 0.071295 0.031895 0.232645 0.621013 
0.066265 0.104418 0.116466 0.080321 0.632530 
0.219561 0.057884 0.031936 0.033932 0.656687 
0.043651 0.057540 0.069444 0.230159 0.599206 
0.050388 0.040698 0.279070 0.048450 0.581395 
0.511680 0.202447 0.180200 0.068966 0.036707 
0.046065 0.063340 0.055662 0.243762 0.591171 
0.093275 0.758134 0.043384 0.058568 0.046638 
0.177936 0.067616 0.156584 0.024911 0.572954 
0.046602 0.050485 0.054369 0.236893 0.611650 
0.065476 0.031746 0.214286 0.097222 0.591270 
0.081081 0.055856 0.160360 0.077477 0.625225 
0.037175 0.100372 0.061338 0.159851 0.641264 
0.130612 0.116327 0.075510 0.055102 0.622449 
0.098672 0.053131 0.178368 0.102467 0.567362 
0.072356 0.038961 0.053803 0.222635 0.612245 
0.101533 0.216475 0.040230 0.036398 0.605364 
0.068273 0.042169 0.062249 0.228916 0.598394 
0.115152 0.074747 0.121212 0.024242 0.664646 
0.040892 0.052045 0.193309 0.100372 0.613383 
0.038462 0.040293 0.036630 0.254579 0.630037 
0.074212 0.074212 0.105751 0.083488 0.662338 
0.130672 0.074410 0.157895 0.038113 0.598911 
0.137112 0.023766 0.230347 0.049360 0.559415 
0.063492 0.047619 0.099206 0.198413 0.591270 
0.060606 0.041667 0.227273 0.043561 0.626894 
0.084291 0.065134 0.044061 0.249042 0.557471 
0.047863 0.029060 0.201709 0.111111 0.610256 
0.046559 0.052632 0.030364 0.267206 0.603239 
0.058491 0.039623 0.067925 0.203774 0.630189 
0.106459 0.106459 0.190191 0.525120 0.071770 
0.055838 0.094755 0.069374 0.116751 0.663283 
0.157576 0.101010 0.109091 0.028283 0.604040 
0.028398 0.030426 0.160243 0.109533 0.671400 
0.083929 0.160714 0.030357 0.066071 0.658929 
0.074597 0.054435 0.060484 0.225806 0.584677 
0.161254 0.432251 0.141097 0.228443 0.036954 
0.040422 0.112478 0.052724 0.165202 0.629174 
0.305668 0.056680 0.036437 0.074899 0.526316 
0.091711 0.029982 0.195767 0.054674 0.627866 
0.279851 0.046642 0.042910 0.057836 0.572761 
0.066505 0.124547 0.077388 0.672310 0.059250 
0.055184 0.145485 0.076923 0.095318 0.627090 
0.066667 0.086486 0.153153 0.059459 0.634234 
0.156489 0.059160 0.080153 0.068702 0.635496 
0.093537 0.062925 0.197279 0.051020 0.595238 
0.140449 0.162921 0.031835 0.050562 0.614232 
0.227523 0.084404 0.042202 0.027523 0.618349 
0.072089 0.059150 0.158965 0.059150 0.650647 
0.195402 0.080460 0.116585 0.029557 0.577997 
0.169877 0.138354 0.036778 0.052539 0.602452 
0.027322 0.040073 0.083789 0.196721 0.652095 
0.048077 0.073077 0.050000 0.230769 0.598077 
0.077491 0.044280 0.042435 0.230627 0.605166 
0.250444 0.099467 0.031972 0.030195 0.587922 
0.077358 0.033962 0.243396 0.037736 0.607547 
0.035026 0.040280 0.292469 0.038529 0.593695 
0.143363 0.081416 0.090265 0.058407 0.626549 
0.059675 0.050633 0.039783 0.222423 0.627486 
0.052838 0.033268 0.035225 0.262231 0.616438 
0.033275 0.073555 0.031524 0.222417 0.639229 
0.051661 0.042435 0.070111 0.083026 0.752768 
0.200654 0.725191 0.021810 0.034896 0.017448 
0.083485 0.034483 0.214156 0.034483 0.633394 
0.129032 0.055556 0.189964 0.044803 0.580645 
0.106987 0.812227 0.022926 0.025109 0.032751 
0.037607 0.109402 0.039316 0.167521 0.646154 
0.030769 0.109402 0.037607 0.181197 0.641026 
0.261649 0.041219 0.087814 0.032258 0.577061 
0.042139 0.264182 0.035656 0.034036 0.623987 
0.046794 0.046794 0.136915 0.173310 0.596187 
0.079848 0.032319 0.218631 0.060837 0.608365 
0.062167 0.062167 0.046181 0.225577 0.603908 
0.122340 0.033688 0.195035 0.047872 0.601064 
0.024180 0.231434 0.032815 0.098446 0.613126 
0.059567 0.039711 0.182310 0.104693 0.613718 
0.023891 0.165529 0.029010 0.141638 0.639932 
0.076923 0.043956 0.155678 0.126374 0.597070 
0.028239 0.024917 0.333887 0.033223 0.579734 
0.085258 0.039076 0.108348 0.131439 0.635879 
0.065026 0.079086 0.075571 0.147627 0.632689 
0.222222 0.141577 0.034050 0.032258 0.569892 
0.215054 0.141577 0.032258 0.043011 0.568100 
0.085938 0.123438 0.135937 0.040625 0.614062 
0.049573 0.059829 0.188034 0.042735 0.659829 
0.028571 0.050000 0.046429 0.291071 0.583929 
0.081712 0.075875 0.163424 0.052529 0.626459 
0.094017 0.119658 0.111111 0.032479 0.642735 
0.056261 0.061706 0.065336 0.215971 0.600726 
0.042735 0.042735 0.268376 0.035897 0.610256 
0.264348 0.060870 0.048696 0.019130 0.606957 
0.067591 0.041594 0.214905 0.051993 0.623917 
0.027826 0.031304 0.050435 0.288696 0.601739 
0.096601 0.033989 0.234347 0.032200 0.602862 
0.224599 0.042781 0.090909 0.037433 0.604278 
0.257903 0.081531 0.039933 0.029950 0.590682 
0.281362 0.066308 0.034050 0.035842 0.582437 
0.045597 0.135220 0.058176 0.121069 0.639937 
0.140541 0.093694 0.122523 0.025225 0.618018 
0.046129 0.039539 0.034596 0.268534 0.611203 
0.085900 0.051864 0.030794 0.236629 0.594814 
0.088015 0.029963 0.228464 0.058052 0.595506 
0.049917 0.116473 0.083195 0.116473 0.633943 
0.037267 0.158385 0.046584 0.093168 0.664596 
0.091743 0.243119 0.032110 0.029052 0.603976 
0.047187 0.047187 0.039927 0.237750 0.627949 
0.043783 0.052539 0.036778 0.252189 0.614711 
0.072308 0.221538 0.073846 0.035385 0.596923 
0.105175 0.111853 0.070117 0.053422 0.659432 
0.037559 0.253521 0.021909 0.034429 0.652582 
0.089701 0.031561 0.104651 0.146179 0.627907 
0.069547 0.279241 0.047418 0.531085 0.072708 
0.049051 0.041139 0.234177 0.080696 0.594937 
0.055357 0.046429 0.039286 0.264286 0.594643 
0.031802 0.056537 0.185512 0.097173 0.628975 
0.196147 0.084063 0.092820 0.036778 0.590193 
0.036050 0.056426 0.042320 0.221003 0.644201 
0.034268 0.070093 0.056075 0.194704 0.644860 
0.021346 0.060755 0.070608 0.223317 0.623974 
0.053068 0.180763 0.066335 0.072968 0.626866 
0.050955 0.116242 0.025478 0.187898 0.619427 
0.057453 0.072981 0.218944 0.037267 0.613354 
0.061889 0.029316 0.232899 0.058632 0.617264 
0.031915 0.270517 0.021277 0.051672 0.624620 
0.043551 0.092127 0.065327 0.204355 0.594640 
0.048622 0.168558 0.037277 0.116694 0.628849 
0.045317 0.033233 0.034743 0.305136 0.581571 
0.086811 0.036728 0.196995 0.060100 0.619366 
0.077595 0.025218 0.857420 0.027158 0.012609 
0.059233 0.034843 0.275261 0.043554 0.587108 
0.431958 0.455663 0.074627 0.028095 0.009658 
0.121212 0.066986 0.110048 0.068581 0.633174 
0.042484 0.055556 0.135621 0.158497 0.607843 
0.023962 0.319489 0.028754 0.028754 0.599042 
0.070769 0.103077 0.083077 0.104615 0.638462 
0.076070 0.041204 0.183835 0.061807 0.637084 
0.038941 0.098131 0.065421 0.138629 0.658879 
0.054098 0.067213 0.044262 0.240984 0.593443 
0.185738 0.134328 0.028192 0.054726 0.597015 
0.038339 0.030351 0.276358 0.067093 0.587859 
0.033973 0.025111 0.104874 0.212703 0.623338 
0.268293 0.048780 0.043902 0.032520 0.606504 
0.263242 0.035313 0.044944 0.051364 0.605136 
0.074224 0.176788 0.097166 0.028340 0.623482 
0.027634 0.072539 0.043178 0.250432 0.606218 
0.387833 0.118821 0.077947 0.385932 0.029468 
0.393536 0.125475 0.089354 0.360266 0.031369 
0.203419 0.037607 0.076923 0.047863 0.634188 
0.040519 0.051864 0.269044 0.055105 0.583468 
0.095395 0.077303 0.136513 0.062500 0.628289 
0.167702 0.121118 0.045031 0.027950 0.638199 
0.127483 0.183775 0.028146 0.026490 0.634106 
0.096296 0.154074 0.037037 0.122963 0.589630 
0.019364 0.341632 0.017981 0.024896 0.596127 
0.038348 0.045723 0.087021 0.212389 0.616519 
0.056543 0.042003 0.200323 0.090468 0.610662 
0.048077 0.028846 0.296474 0.025641 0.600962 
0.062305 0.029595 0.239875 0.043614 0.624611 
0.305008 0.027314 0.054628 0.027314 0.585736 
0.030628 0.093415 0.056662 0.206738 0.612557 
0.057143 0.051128 0.174436 0.078195 0.639098 
0.056338 0.050078 0.034429 0.239437 0.619718 
0.037202 0.119048 0.041667 0.144345 0.657738 
0.108020 0.055646 0.157119 0.049100 0.630115 
0.020900 0.048232 0.098071 0.220257 0.612540 
0.036164 0.047170 0.029874 0.276730 0.610063 
0.091045 0.223881 0.043284 0.049254 0.592537 
0.062130 0.113905 0.065089 0.131657 0.627219 
0.072617 0.034796 0.213313 0.040847 0.638427 
0.118098 0.119632 0.039877 0.093558 0.628834 
0.035770 0.046656 0.213064 0.121306 0.583204 
0.067701 0.074753 0.157969 0.102962 0.596615 
0.149068 0.031056 0.147516 0.046584 0.625776 
0.035088 0.024854 0.301170 0.030702 0.608187 
0.057692 0.032544 0.084320 0.174556 0.650888 
0.035556 0.051852 0.035556 0.262222 0.614815 
0.245742 0.473642 0.170316 0.077048 0.033252 
0.078313 0.066265 0.177711 0.040663 0.637048 
0.064662 0.061654 0.168421 0.064662 0.640602 
0.030973 0.042773 0.305310 0.026549 0.594395 
0.057353 0.042647 0.064706 0.219118 0.616176 
0.052632 0.071053 0.382895 0.077632 0.415789 
0.038226 0.038226 0.071865 0.246177 0.605505 
0.028571 0.042857 0.066667 0.261905 0.600000 
0.031299 0.078247 0.051643 0.258216 0.580595 
0.102134 0.059451 0.099085 0.108232 0.631098 
0.035563 0.859441 0.014395 0.025402 0.065199 
0.059390 0.032103 0.247191 0.028892 0.632424 
0.076052 0.066343 0.195793 0.053398 0.608414 
0.032689 0.145617 0.047548 0.136701 0.637444 
0.032209 0.030675 0.300613 0.030675 0.605828 
0.173333 0.080000 0.094815 0.022222 0.629630 
0.036819 0.063328 0.048601 0.238586 0.612666 
0.046647 0.030612 0.240525 0.046647 0.635569 
0.048744 0.054653 0.051699 0.236337 0.608567 
0.034868 0.139470 0.040446 0.138075 0.647141 
0.028818 0.072046 0.073487 0.178674 0.646974 
0.027894 0.073919 0.034868 0.239888 0.623431 
0.065217 0.034161 0.226708 0.032609 0.641304 
0.081395 0.123547 0.090116 0.075581 0.629360 
0.051034 0.055172 0.073103 0.223448 0.597241 
0.047184 0.036530 0.053272 0.228311 0.634703 
0.142450 0.034188 0.109687 0.052707 0.660969 
0.094946 0.022971 0.105666 0.075038 0.701378 
0.081250 0.029687 0.237500 0.053125 0.598437 
0.122388 0.061194 0.104478 0.089552 0.622388 
0.258493 0.075332 0.039882 0.032496 0.593796 
0.279809 0.017488 0.049285 0.036566 0.616852 
0.048889 0.041481 0.037037 0.244444 0.628148 
0.047761 0.050746 0.035821 0.253731 0.611940 
0.025175 0.029371 0.307692 0.033566 0.604196 
0.032305 0.067548 0.019090 0.264317 0.616740 
0.037940 0.123306 0.035230 0.161247 0.642276 
0.085915 0.084507 0.050704 0.194366 0.584507 
0.367505 0.082205 0.292070 0.172147 0.086074 
0.052713 0.060465 0.234109 0.065116 0.587597 
0.048673 0.063422 0.252212 0.032448 0.603245 
0.047420 0.043236 0.082287 0.080893 0.746165 
0.244286 0.095714 0.021429 0.025714 0.612857 
0.035471 0.054570 0.236016 0.049113 0.624829 
0.262376 0.049505 0.042904 0.023102 0.622112 
0.095448 0.049927 0.127753 0.057269 0.669604 
0.035294 0.104412 0.035294 0.242647 0.582353 
0.038052 0.039574 0.070015 0.257230 0.595129 
0.074392 0.088698 0.120172 0.068670 0.648069 
0.082270 0.093617 0.114894 0.079433 0.629787 
0.044476 0.035868 0.061693 0.225251 0.632712 
0.107143 0.100000 0.168571 0.031429 0.592857 
0.030928 0.030928 0.309278 0.033505 0.595361 
0.043796 0.035036 0.059854 0.243796 0.617518 
0.178102 0.064234 0.051095 0.106569 0.600000 
0.033069 0.082011 0.052910 0.208995 0.623016 
0.031724 0.040000 0.057931 0.259310 0.611034 
0.047486 0.058659 0.164804 0.079609 0.649441 
0.035549 0.095827 0.040185 0.258114 0.570325 
0.076471 0.032353 0.229412 0.026471 0.635294 
0.037868 0.070126 0.043478 0.193548 0.654979 
0.088435 0.066667 0.160544 0.027211 0.657143 
0.028533 0.048913 0.326087 0.028533 0.567935 
0.049724 0.058011 0.219613 0.049724 0.622928 
0.019886 0.079545 0.056818 0.217330 0.626420 
0.020080 0.024096 0.330656 0.025435 0.599732 
0.025862 0.119253 0.021552 0.221264 0.612069 
0.029650 0.037736 0.237197 0.075472 0.619946 
0.082873 0.118785 0.122928 0.041436 0.633978 
0.042497 0.045153 0.041169 0.245684 0.625498 
0.020690 0.038621 0.095172 0.256552 0.588966 
0.227778 0.108333 0.026389 0.016667 0.620833 
0.041555 0.037534 0.262735 0.058981 0.599196 
0.061111 0.038889 0.247222 0.031944 0.620833 
0.097796 0.150138 0.041322 0.077135 0.633609 
0.029040 0.267677 0.018939 0.027778 0.656566 
0.105915 0.044017 0.038514 0.178817 0.632737 
0.075879 0.860224 0.023962 0.017572 0.022364 
0.121884 0.031856 0.124654 0.073407 0.648199 
0.110000 0.055714 0.068571 0.152857 0.612857 
0.037196 0.077253 0.048641 0.221745 0.615165 
0.043956 0.289377 0.023199 0.019536 0.623932 
0.075835 0.194087 0.023136 0.039846 0.667095 
0.034483 0.047414 0.034483 0.265805 0.617816 
0.071327 0.266762 0.022825 0.039943 0.599144 
0.029787 0.025532 0.049645 0.272340 0.622695 
0.050847 0.066384 0.045198 0.216102 0.621469 
0.091454 0.023988 0.152924 0.061469 0.670165 
0.099150 0.062323 0.158640 0.048159 0.631728 
0.128531 0.128531 0.028249 0.080508 0.634181 
0.020725 0.077720 0.016839 0.234456 0.650259 
0.039563 0.051842 0.208731 0.066849 0.633015 
0.044872 0.202564 0.058974 0.028205 0.665385 
0.091655 0.039672 0.207934 0.054720 0.606019 
0.037783 0.028967 0.227960 0.066751 0.638539 
0.021352 0.340451 0.014235 0.015421 0.608541 
0.048408 0.156688 0.016561 0.163057 0.615287 
0.056430 0.085302 0.107612 0.089239 0.661417 
0.066910 0.082725 0.133820 0.057178 0.659367 
0.031888 0.082908 0.051020 0.200255 0.633929 
0.029870 0.027273 0.037662 0.287013 0.618182 
0.285906 0.036242 0.056376 0.020134 0.601342 
0.030848 0.034704 0.073265 0.231362 0.629820 
0.033738 0.031039 0.035088 0.261808 0.638327 
0.029333 0.029333 0.045333 0.261333 0.634667 
0.024590 0.040984 0.065574 0.248634 0.620219 
0.055699 0.097150 0.047927 0.146373 0.652850 
0.106650 0.048934 0.214555 0.026349 0.603513 
0.024967 0.095926 0.027595 0.223390 0.628121 
0.043883 0.027926 0.061170 0.259309 0.607713 
0.071960 0.200993 0.033499 0.057072 0.636476 
0.035806 0.081841 0.035806 0.223785 0.622762 
0.069597 0.102564 0.105006 0.070818 0.652015 
0.190051 0.131378 0.019133 0.034439 0.625000 
0.041509 0.028931 0.098113 0.192453 0.638994 
0.042416 0.026992 0.051414 0.251928 0.627249 
0.036697 0.051114 0.065531 0.233290 0.613368 
0.063100 0.031550 0.176955 0.048011 0.680384 
0.037179 0.078205 0.057692 0.225641 0.601282 
0.047872 0.034574 0.138298 0.159574 0.619681 
0.024390 0.039795 0.039795 0.258023 0.637997 
0.058748 0.042146 0.206897 0.079183 0.613027 
0.070632 0.054523 0.026022 0.203222 0.645601 
0.028221 0.049080 0.272393 0.028221 0.622086 
0.024540 0.044172 0.274847 0.030675 0.625767 
0.026281 0.059133 0.035480 0.247043 0.632063 
0.030380 0.050633 0.118987 0.193671 0.606329 
0.056757 0.093243 0.093243 0.112162 0.644595 
0.025641 0.056166 0.025641 0.249084 0.643468 
0.028424 0.042636 0.059432 0.260982 0.608527 
0.065292 0.106529 0.107675 0.059565 0.660939 
0.476052 0.074746 0.299710 0.113208 0.036284 
0.023515 0.027228 0.299505 0.034653 0.615099 
0.069259 0.036452 0.266100 0.017011 0.611179 
0.062802 0.070048 0.059179 0.159420 0.648551 
0.063969 0.019582 0.052219 0.248042 0.616188 
0.024661 0.020962 0.295931 0.054254 0.604192 
0.028369 0.024823 0.291962 0.037825 0.617021 
0.028916 0.031325 0.289157 0.027711 0.622892 
0.027618 0.142693 0.023015 0.210587 0.596087 
0.051435 0.070574 0.178230 0.072967 0.626794 
0.025740 0.039897 0.039897 0.289575 0.604891 
0.125756 0.110036 0.097944 0.031439 0.634825 
0.026549 0.069532 0.025284 0.243995 0.634640 
0.239709 0.106538 0.020581 0.024213 0.608959 
0.049745 0.095663 0.017857 0.200255 0.636480 
0.025316 0.025316 0.029114 0.303797 0.616456 
0.032220 0.096659 0.070406 0.159905 0.640811 
0.150474 0.073460 0.045024 0.127962 0.603081 
0.023229 0.017422 0.333333 0.026713 0.599303 
0.102417 0.049482 0.054085 0.168009 0.626007 
0.032953 0.053232 0.072243 0.223067 0.618504 
0.053409 0.150000 0.046591 0.061364 0.688636 
0.051833 0.032870 0.096081 0.180784 0.638432 
0.101138 0.130215 0.088496 0.037927 0.642225 
0.060241 0.038554 0.084337 0.225301 0.591566 
0.047953 0.038596 0.127485 0.123977 0.661988 
0.040252 0.017610 0.240252 0.050314 0.651572 
0.220570 0.162330 0.028501 0.023544 0.565056 
0.033294 0.068966 0.019025 0.244946 0.633769 
0.026515 0.046717 0.042929 0.256313 0.627525 
0.283267 0.032938 0.044796 0.040843 0.598155 
0.056153 0.045400 0.168459 0.056153 0.673835 
0.066583 0.036432 0.101759 0.173367 0.621859 
0.051683 0.070913 0.043269 0.211538 0.622596 
0.042529 0.035632 0.097701 0.196552 0.627586 
0.047399 0.035838 0.107514 0.187283 0.621965 
0.043073 0.027939 0.301513 0.031432 0.596042 
0.023543 0.036996 0.308296 0.019058 0.612108 
0.021469 0.033898 0.109605 0.205650 0.629379 
0.021302 0.020118 0.325444 0.030769 0.602367 
0.130952 0.052381 0.109524 0.058333 0.648810 
0.051417 0.171039 0.039874 0.073452 0.664218 
0.059859 0.048122 0.066901 0.172535 0.652582 
0.213793 0.052874 0.082759 0.041379 0.609195 
0.242105 0.051462 0.018713 0.066667 0.621053 
0.033939 0.061818 0.026667 0.252121 0.625455 
0.035797 0.033487 0.244804 0.040416 0.645497 
0.031288 0.060168 0.026474 0.255114 0.626955 
0.012821 0.041958 0.031469 0.297203 0.616550 
0.089716 0.047046 0.240700 0.035011 0.587527 
0.018519 0.225694 0.023148 0.063657 0.668981 
0.176822 0.034648 0.065711 0.117085 0.605735 
0.046615 0.063263 0.118757 0.116537 0.654828 
0.047736 0.030600 0.280294 0.024480 0.616891 
0.023529 0.120000 0.034118 0.176471 0.645882 
0.048588 0.023729 0.100565 0.201130 0.625989 
0.086957 0.029748 0.172769 0.083524 0.627002 
0.245305 0.034038 0.095070 0.026995 0.598592 
0.099520 0.037170 0.173861 0.051559 0.637890 
0.030067 0.077951 0.020045 0.227171 0.644766 
0.054627 0.107023 0.022297 0.130435 0.685619 
0.018038 0.036077 0.030440 0.275085 0.640361 
0.034079 0.100106 0.025559 0.219382 0.620873 
0.039909 0.034208 0.205245 0.096921 0.623717 
0.036215 0.038551 0.038551 0.240654 0.646028 
0.019934 0.023256 0.182724 0.157254 0.616833 
0.033058 0.025974 0.262102 0.061393 0.617473 
0.027586 0.043678 0.019540 0.274713 0.634483 
0.281038 0.051919 0.019187 0.011287 0.636569 
0.037404 0.048405 0.047305 0.256326 0.610561 
0.265089 0.049704 0.036686 0.022485 0.626036 
0.035595 0.067853 0.222469 0.044494 0.629588 
0.035204 0.036304 0.220022 0.084708 0.623762 
0.045977 0.040230 0.057471 0.234483 0.621839 
0.069260 0.281784 0.017078 0.018027 0.613852 
0.029880 0.174303 0.039841 0.087649 0.668327 
0.062857 0.076571 0.051429 0.181714 0.627429 
0.226638 0.109560 0.023631 0.025779 0.614393 
0.029703 0.055006 0.055006 0.237624 0.622662 
0.035160 0.059979 0.077559 0.170631 0.656670 
0.050580 0.085353 0.132771 0.088514 0.642782 
0.014568 0.031217 0.305931 0.024974 0.623309 
0.133715 0.111748 0.164279 0.072588 0.517670 
0.046386 0.047465 0.025890 0.262136 0.618123 
0.048319 0.070378 0.147059 0.091387 0.642857 
0.016754 0.020942 0.115183 0.235602 0.611518 
0.063102 0.087701 0.163636 0.066310 0.619251 
0.031926 0.019567 0.277034 0.062822 0.608651 
0.015334 0.030668 0.027382 0.278204 0.648412 
0.034847 0.061246 0.032735 0.212249 0.658923 
0.039256 0.101240 0.029959 0.192149 0.637397 
0.023182 0.105374 0.029505 0.200211 0.641728 
0.055675 0.051392 0.182013 0.065310 0.645610 
0.039419 0.066390 0.025934 0.235477 0.632780 
0.020270 0.104247 0.038610 0.189189 0.647683 
0.087269 0.257700 0.018480 0.030801 0.605749 
0.027352 0.032823 0.237418 0.080963 0.621444 
0.286084 0.071845 0.423948 0.177994 0.040129 
0.020768 0.042575 0.034268 0.280374 0.622015 
0.065524 0.092742 0.159274 0.023185 0.659274 
0.058233 0.119478 0.053213 0.125502 0.643574 
0.030021 0.035197 0.158385 0.160455 0.615942 
0.282881 0.059499 0.018789 0.022965 0.615866 
0.050620 0.037190 0.216942 0.051653 0.643595 
0.040161 0.066265 0.024096 0.255020 0.614458 
0.025305 0.158388 0.047798 0.099344 0.669166 
0.095933 0.053180 0.096976 0.104275 0.649635 
0.028689 0.031762 0.028689 0.256148 0.654713 
0.042683 0.252033 0.016260 0.054878 0.634146 
0.048387 0.141366 0.094877 0.068311 0.647059 
0.021106 0.022111 0.316583 0.029146 0.611055 
0.041165 0.038153 0.202811 0.085341 0.632530 
0.057199 0.022682 0.216963 0.055227 0.647929 
0.060181 0.032096 0.269809 0.042126 0.595787 
0.019192 0.030303 0.135354 0.195960 0.619192 
0.101643 0.053388 0.193018 0.019507 0.632444 
0.182796 0.043988 0.094819 0.071359 0.607038 
0.048319 0.075630 0.018908 0.225840 0.631303 
0.125123 0.043350 0.193103 0.016749 0.621675 
0.043080 0.055912 0.239230 0.034830 0.626948 
0.185321 0.171560 0.011009 0.022018 0.610092 
0.045923 0.028116 0.230553 0.059044 0.636364 
0.017512 0.117051 0.060829 0.141014 0.663594 
0.038273 0.068695 0.023553 0.228656 0.640824 
0.045837 0.024322 0.222638 0.082320 0.624883 
0.043680 0.253717 0.031599 0.016729 0.654275 
0.205005 0.011550 0.151107 0.021174 0.611165 
0.055660 0.027358 0.083962 0.155660 0.677358 
0.093085 0.101064 0.075355 0.101064 0.629433 
0.156250 0.124107 0.082143 0.016964 0.620536 
0.031646 0.061483 0.026221 0.245931 0.634720 
0.022663 0.039660 0.043437 0.252125 0.642115 
0.167754 0.032619 0.128611 0.041938 0.629077 
0.052775 0.040946 0.198362 0.050045 0.657871 
0.026316 0.028131 0.266788 0.049909 0.628857 
0.031167 0.038290 0.234194 0.048085 0.648264 
0.301976 0.022578 0.051740 0.032926 0.590781 
0.030973 0.030088 0.100885 0.208850 0.629204 
0.068966 0.039927 0.046279 0.180581 0.664247 
0.071688 0.040835 0.039927 0.180581 0.666969 
0.018953 0.035199 0.056859 0.254513 0.634477 
0.033223 0.034053 0.209302 0.073090 0.650332 
0.035390 0.035390 0.019964 0.261343 0.647913 
0.057090 0.059853 0.116022 0.146409 0.620626 
0.207317 0.022514 0.023452 0.109756 0.636961 
0.092715 0.053926 0.197729 0.020814 0.634816 
0.019678 0.033989 0.018784 0.285331 0.642218 
0.023622 0.206474 0.041995 0.090989 0.636920 
0.042895 0.033065 0.050938 0.221626 0.651475 
0.050955 0.065514 0.050955 0.170155 0.662420 
0.081285 0.030246 0.154064 0.055766 0.678639 
0.033091 0.122680 0.146086 0.055690 0.642454 
0.081633 0.272653 0.022857 0.018776 0.604082 
0.029783 0.032491 0.073105 0.249097 0.615523 
0.026910 0.052951 0.276910 0.040799 0.602431 
0.029203 0.029992 0.321231 0.022099 0.597474 
0.018578 0.083199 0.038772 0.184976 0.674475 
0.021809 0.071890 0.042811 0.189822 0.673667 
0.129992 0.069669 0.045879 0.119796 0.634664 
0.025306 0.080816 0.121633 0.131429 0.640816 
0.040201 0.049414 0.038526 0.223618 0.648241 
0.219144 0.104114 0.043661 0.014274 0.618808 
0.034195 0.051710 0.064220 0.214345 0.635530 
0.019002 0.109264 0.040380 0.189232 0.642122 
0.090461 0.037829 0.097862 0.123355 0.650493 
0.060870 0.201581 0.022134 0.035573 0.679842 
0.032674 0.068788 0.018917 0.233018 0.646604 
0.034119 0.076361 0.017872 0.229894 0.641755 
0.041809 0.041809 0.071672 0.199659 0.645051 
0.051864 0.058347 0.110211 0.141005 0.638574 
0.059231 0.096154 0.037692 0.121538 0.685385 
0.039936 0.145367 0.018371 0.201278 0.595048 
0.298899 0.019475 0.034716 0.030483 0.616427 
0.035058 0.031720 0.077629 0.187813 0.667780 
0.032838 0.077404 0.035184 0.168100 0.686474 
0.302128 0.027234 0.031489 0.019574 0.619574 
0.074012 0.043734 0.082422 0.146341 0.653490 
0.035379 0.207220 0.080866 0.027437 0.649097 
0.095199 0.137510 0.064280 0.078926 0.624085 
0.016166 0.111624 0.016166 0.189376 0.666667 
0.180106 0.116051 0.047476 0.021100 0.635268 
0.205503 0.083405 0.036113 0.022356 0.652623 
0.029298 0.270625 0.036237 0.046261 0.617579 
0.034100 0.019826 0.031721 0.261697 0.652657 
0.136343 0.075695 0.207478 0.519380 0.061104 
0.124398 0.044944 0.178170 0.023274 0.629213 
0.125000 0.058871 0.105645 0.060484 0.650000 
0.185185 0.104019 0.018125 0.037825 0.654846 
0.245572 0.075684 0.023349 0.041063 0.614332 
0.297541 0.036066 0.020492 0.029508 0.616393 
0.295902 0.026230 0.018852 0.040984 0.618033 
0.072670 0.060821 0.048183 0.187994 0.630332 
0.028614 0.059488 0.109187 0.168675 0.634036 
0.050000 0.076087 0.025362 0.182609 0.665942 
0.202966 0.019516 0.053864 0.103044 0.620609 
0.035477 0.050259 0.070214 0.201774 0.642276 
0.018881 0.118182 0.020280 0.142657 0.700000 
0.034530 0.067680 0.201657 0.055249 0.640884 
0.117557 0.060305 0.097710 0.038168 0.686260 
0.032280 0.070612 0.148621 0.085407 0.663080 
0.033764 0.056753 0.079023 0.212644 0.617816 
0.074873 0.045051 0.253173 0.025381 0.601523 
0.223456 0.094379 0.024289 0.018737 0.639139 
0.073654 0.100567 0.087819 0.093484 0.644476 
0.029026 0.023497 0.044229 0.257775 0.645473 
0.021039 0.061144 0.233399 0.056542 0.627876 
0.030831 0.265416 0.015416 0.070375 0.617962 
0.026478 0.229680 0.082512 0.016010 0.645320 
0.028512 0.191238 0.012517 0.129346 0.638387 
0.031451 0.052632 0.209243 0.055199 0.651476 
0.053487 0.012187 0.290454 0.010156 0.633717 
0.105929 0.074617 0.083278 0.066622 0.669554 
0.021597 0.023560 0.316754 0.019634 0.618455 
0.134603 0.017072 0.203546 0.022324 0.622456 
0.021397 0.196979 0.025802 0.085588 0.670233 
0.173491 0.027759 0.145732 0.034004 0.619015 
0.023018 0.062660 0.026215 0.225703 0.662404 
0.020656 0.041920 0.230863 0.081409 0.625152 
0.021277 0.027079 0.109607 0.212121 0.629916 
0.055662 0.105566 0.056302 0.127319 0.655150 
0.076066 0.058361 0.112787 0.123934 0.628852 
0.024621 0.073232 0.052399 0.204545 0.645202 
0.169345 0.111248 0.036465 0.012361 0.670581 
0.029483 0.093863 0.030686 0.150421 0.695548 
0.249688 0.067416 0.038077 0.034332 0.610487 
0.035482 0.044944 0.235955 0.022472 0.661147 
0.062572 0.275545 0.021814 0.010907 0.629162 
0.141708 0.117574 0.059406 0.048886 0.632426 
0.024180 0.073690 0.025907 0.208981 0.667242 
0.256351 0.058314 0.023672 0.018476 0.643187 
0.107062 0.095672 0.027335 0.108200 0.661731 
0.042382 0.061159 0.041309 0.165236 0.689914 
0.056104 0.169351 0.021818 0.107532 0.645195 
0.028017 0.066810 0.031250 0.207974 0.665948 
0.033744 0.039100 0.244242 0.038029 0.644885 
0.032769 0.037138 0.027854 0.248498 0.653741 
0.047267 0.041002 0.047267 0.207289 0.657175 
0.052337 0.140244 0.169207 0.011179 0.627033 
0.061038 0.071877 0.168853 0.030234 0.667998 
0.265836 0.044396 0.037358 0.033027 0.619383 
0.019202 0.132390 0.028297 0.116726 0.703386 
0.075862 0.822989 0.011782 0.032759 0.056609 
0.018276 0.159325 0.019213 0.111996 0.691190 
0.028715 0.037783 0.110327 0.176826 0.646348 
0.026166 0.139391 0.062797 0.101808 0.669838 
0.040359 0.025909 0.122073 0.171898 0.639761 
0.026566 0.076190 0.025063 0.226566 0.645614 
0.023094 0.061874 0.228758 0.185621 0.500654 
0.019580 0.097902 0.053613 0.158974 0.669930 
0.253842 0.044125 0.023798 0.037184 0.641051 
0.254735 0.042614 0.049716 0.025568 0.627367 
0.023275 0.169160 0.026600 0.094763 0.686201 
0.260455 0.035455 0.052727 0.031818 0.619545 
0.008341 0.038630 0.027217 0.264267 0.661545 
0.036611 0.082588 0.116220 0.080885 0.683695 
0.005008 0.005008 0.005008 0.005008 0.979970 
0.026453 0.051303 0.200802 0.072144 0.649299 
0.031314 0.067161 0.118665 0.125258 0.657602 
0.070124 0.246896 0.021914 0.013148 0.647918 
0.075588 0.265330 0.006942 0.013112 0.639028 
0.015175 0.008346 0.382777 0.008346 0.585357 
0.065672 0.057090 0.187687 0.017537 0.672015 
0.031795 0.048856 0.020938 0.234587 0.663823 
0.037153 0.276389 0.007986 0.044097 0.634375 
0.036762 0.059385 0.061859 0.166843 0.675150 
0.145317 0.149793 0.021694 0.041322 0.641873 
0.023724 0.128697 0.030549 0.151771 0.665258 
0.155235 0.028881 0.137184 0.036101 0.642599 
0.025081 0.215698 0.021245 0.072883 0.665093 
0.041348 0.175021 0.032852 0.055508 0.695270 
0.020855 0.083419 0.203141 0.050206 0.642379 
